"cluster"	"probability"	"Hist.comp"	"NFKBalt.RASalt.JAK.STAT.alt.RHOA.SGK1.KLH6.cd58.cd83"	"SumC4.mut"	"MYD88.L265"	"X18Q.AMP"	"COO..GCB.1.unclass.2.ABC.3.na."	"sumCNAs.C5"	"CD79B.MYD88.TBL1XR1.BLIMP.ETV6.ZC3H12A"	"X9p21.3.DEL"	"X21Q.AMP"	"X2P16.1.AMP"	"GENOME_DOUBLING"	"TP53.biallelic"	"Sum.CNAs.C2"	"Pi3K.Mod"	"BCL2.comp"	"Chrom.Mod.Enzymes"	"MYD88.OTHER"	"SV.TP63"	"BLC10.NOTCH2.A20.SPEN"	"B2M.CD70.PD1.FAS.com"	"SV.BCL6"
"DLBCL_LS2154"	1	0.326554622921591	0	0.142857142857143	0.0833333333333333	0	0	1.5	0	0	0	0	0	0	0	0	0	0	0	0	0	0	0	0
"DLBCL_RICOVER_478"	1	0.450159348467347	0	0	0	0	0.5	1	0.444444444444444	0.25	0	0	0	0	0	0.222222222222222	0	0	0	1	0	0.333333333333333	0	0
"DLBCL_LS3866"	1	0.491919906483545	0.2	0.142857142857143	0.166666666666667	0	0	0.5	0	0	0	0	0	0	0	0.037037037037037	0	0	0	0	0	0.333333333333333	0	0
"DLBCL_MC_F307_JPS"	1	0.529570470226693	0	0	0	0	0	1.5	0	0	0	0	0	0	0	0	0	0	0	0	0	0	0	1
"DLBCL_RICOVER_575"	1	0.615204298859761	0.2	0	0.166666666666667	0	0	1.5	0.111111111111111	0	0	0	0	0	0	0.111111111111111	0.25	0	0	0	0	0.333333333333333	0.8	0
"DLBCL_RICOVER_910"	1	0.62567822040693	0.2	0	0.0833333333333333	0	0	1.5	0	0	0	0	0	0	0	0.037037037037037	0	0	0	0	0	0	0	0
"DLBCL_C_D_1132_NULLPAIR"	1	0.663270414488114	0	0.142857142857143	0.208333333333333	0	0	1.5	0	0	0	0	0	0	0	0.037037037037037	0	0	0	0	0	0.333333333333333	0.4	0
"DLBCL_C_D_1115_NULLPAIR"	1	0.687735243741416	0.2	0	0.166666666666667	0	0	1.5	0.111111111111111	0	0	0	1	0	0	0.148148148148148	0	0	0	0	0	0	0.6	0
"DLBCL_C_D_1106_NULLPAIR"	1	0.72700955547013	0.2	0	0.0833333333333333	0	0	1	0.222222222222222	0	1	0	0	0	0	0.333333333333333	0	0	0	0	0	0.666666666666667	0	1
"DLBCL_C_D_1156_NULLPAIR"	1	0.771208731371265	0.3	0	0.125	0	0	1.5	0	0	0	0	0	0	0	0	0	0	0	0	0	0	0	1
"DLBCL_RICOVER_120"	1	0.771421837329899	0	0	0	0	0	1.5	0.222222222222222	0.25	0	0	0	0	0	0.148148148148148	0	0	0.333333333333333	0	0	0.333333333333333	0.4	1
"DLBCL_RICOVER_945"	1	0.781949652955903	0.4	0	0.166666666666667	0	0	1.5	0.222222222222222	0.25	0	0	0	0	0	0.296296296296296	0.25	0	0	0	0	0.333333333333333	0.4	0
"DLBCL_RICOVER_258"	1	0.783104408469262	0	0	0	0	0	1	0	0.5	0	0	0	0	0	0	0	0	0	1	0	0.666666666666667	0	0
"DLBCL_C_D_1112_NULLPAIR"	1	0.792914233667275	0	0.142857142857143	0.0833333333333333	0	0	0.5	0.222222222222222	0	0	0.5	0	0	0	0.111111111111111	0	0	0.333333333333333	0	1	0	0.4	0
"DLBCL_RICOVER_694"	1	0.81754321265469	0.2	0	0.0833333333333333	0	0	1	0	0	0	0	0	0	0	0	0	0	0	0	0	0	0.4	1
"DLBCL_C_D_1128_NULLPAIR"	1	0.820049324397386	0	0	0	0	0	1	0	0	0	0	0	0	0	0	0	0	0	0	0	0	0.4	1
"DLBCL_BWH_DLBCL64"	1	0.821313905622814	0.6	0.285714285714286	0.416666666666667	0	0	0.5	0	0	0	0	1	0	0	0.296296296296296	0	0	0.333333333333333	0	0	0	0	1
"DLBCL_LS4323"	1	0.836618382751344	0.2	0	0.0833333333333333	0	0	1.5	0	0	0	0	0	0	0.666666666666667	0.037037037037037	0	0	0	0	0	0.333333333333333	0	0
"DLBCL_C_D_1154_NULLPAIR"	1	0.840230374751876	0	0	0	0	0	1.5	0.111111111111111	0	0	0	0	0	0	0.148148148148148	0	0	0	0	1	0	0.4	0
"DLBCL_MC_F648_JKW"	1	0.840332187539504	0	0.142857142857143	0.166666666666667	0	0	1.5	0.222222222222222	0	0	0	0	0	0.666666666666667	0.148148148148148	0	0	0	0	0	0	0.4	1
"DLBCL_C_D_1158_NULLPAIR"	1	0.857150342410464	0.6	0	0.333333333333333	0	0	1	0.222222222222222	0	0	0	0	1	0	0.333333333333333	0.125	0	0.333333333333333	0	0	0	0.4	1
"DLBCL_LS2367"	1	0.860206123536007	0.1	0.285714285714286	0.208333333333333	0	0.5	0.5	0.222222222222222	0.25	0	0	0	0	0	0.185185185185185	0.25	0	0	0	0	0	0.4	1
"DLBCL_MC_F300_TBF"	1	0.867971927983692	0.2	0.142857142857143	0.166666666666667	0	0	0.5	0	0.5	0	0	0	0	0	0.0740740740740741	0	0.8	0.666666666666667	1	0	0.333333333333333	0	0
"DLBCL_RICOVER_1144"	1	0.881874880169977	0.2	0.142857142857143	0.25	1	0	1.5	0	0.5	0	0	0	0	0	0.037037037037037	0	0	0	1	0	0.333333333333333	0.4	1
"DLBCL_RICOVER_1150"	1	0.887400220643509	0.1	0.142857142857143	0.125	0	0.5	1.5	0.222222222222222	0.25	0	0.5	0	0	0	0.148148148148148	0	0	0	0	0	0	1	1
"DLBCL_C_D_1123_NULLPAIR"	1	0.887871845611837	0.2	0	0.166666666666667	0	0	1.5	0.111111111111111	0	0	0	0	0	0	0.222222222222222	0	0	0	0	0	0.666666666666667	1	1
"DLBCL_C_D_1146_NULLPAIR"	1	0.888570411117146	0.1	0.142857142857143	0.208333333333333	0	0	0.5	0	0	0	0	1	1	0	0.333333333333333	0	0	0	0	1	0	0.2	0
"DLBCL_MC_F139_AD"	1	0.889140605901288	0.4	0	0.5	0	0	1.5	0	0	0	0	0	0	0.666666666666667	0.037037037037037	0.25	0	0	0	0	0.333333333333333	0.4	1
"DLBCL_C_D_1114_NULLPAIR"	1	0.894291846953357	0.4	0	0.166666666666667	0	0	1.5	0	0.25	0	0	0	0	0	0.0740740740740741	0	0	0	1	0	0	0.4	1
"DLBCL_MC_F262_WLC"	1	0.894833249701997	0.2	0.142857142857143	0.166666666666667	0	0	1.5	0.111111111111111	0	0	0	0	0	0	0.037037037037037	0	0	0	0	0	0.666666666666667	0	1
"DLBCL_MAYO_DLBCL_5613"	1	0.896176108934248	0	0.142857142857143	0.0833333333333333	0	0	1.5	0.222222222222222	0	0	0	0	0	0	0.111111111111111	0	0	0	0	0	0.333333333333333	0.4	1
"DLBCL_C_D_1155_NULLPAIR"	1	0.896205854022392	0	0	0	0	0	1.5	0	0	0	0	1	0	0	0.111111111111111	0	0	0	0	0	0	0.4	1
"DLBCL_MC_F132_MLM"	1	0.899470459371396	0.2	0.142857142857143	0.166666666666667	0	0	1.5	0	0.5	0	0	0	0	0	0.037037037037037	0	0	0	1	0	0.666666666666667	0	1
"DLBCL_LS3809"	1	0.90120139823617	0	0	0	0	0.5	1.5	0.222222222222222	0.5	0	0.5	0	0	0	0.111111111111111	0	0	0	0	0	0	0.4	1
"DLBCL_RICOVER_826"	1	0.901519201829719	0.2	0.142857142857143	0.333333333333333	0	0	1.5	0.111111111111111	0.25	0	0	0	0	0.333333333333333	0.185185185185185	0.25	0	0	0	0	0.333333333333333	0.4	1
"DLBCL_RICOVER_473"	1	0.902417673915679	0.2	0	0.166666666666667	0	0	1.5	0.222222222222222	0.25	0	0	0	0	0	0.148148148148148	0	0	0.333333333333333	0	0	1	0	0
"DLBCL_RICOVER_451"	1	0.902942059860067	0	0.142857142857143	0.0833333333333333	0	0	1	0	0	0	0	0	0	0	0.222222222222222	0	0	0	0	0	1	0.8	0
"DLBCL_C_D_1129_NULLPAIR"	1	0.904258732254473	0	0	0	0	0.5	1.5	0.222222222222222	0	0	0	0	0	0	0.037037037037037	0.25	0	0	0	0	0.333333333333333	1	1
"DLBCL_LS378"	1	0.904436706993661	0.3	0	0.125	0	0	1	0	0.25	0	0	0	0	0	0.111111111111111	0	0	0.333333333333333	1	0	0.333333333333333	0.4	1
"DLBCL_LS1757"	1	0.904592470382537	0	0.285714285714286	0.166666666666667	0	0	1	0	0.25	0	0	0	0	0.333333333333333	0.259259259259259	0	0	0.333333333333333	1	1	0.333333333333333	0.8	1
"DLBCL_LS2978"	1	0.907271942502696	0.4	0	0.166666666666667	0	0	1.5	0	0.25	0	0	1	0	0.666666666666667	0.222222222222222	0	0	0	1	1	0	0.8	1
"DLBCL_RICOVER_865"	1	0.909365515013843	0.2	0.214285714285714	0.208333333333333	0	0	1.5	0.222222222222222	0	0	0	0	1	0.333333333333333	0.296296296296296	0.125	0	0	0	0	0.666666666666667	1	1
"DLBCL_RICOVER_181"	1	0.912920359873867	0.1	0.285714285714286	0.208333333333333	0	0.5	1	0.222222222222222	0.25	0	0	0	0	0	0.111111111111111	0	0	0.333333333333333	0	0	0.666666666666667	0	1
"DLBCL_C_D_1130_NULLPAIR"	1	0.914280179765815	0.2	0	0.0833333333333333	0	0	1.5	0	0	0	0	0	0	0	0.222222222222222	0	0	0.166666666666667	0	1	0.666666666666667	0.4	1
"DLBCL_RICOVER_977"	1	0.915223024666046	0.4	0	0.25	0	0	1.5	0	0.25	0	0	0	0	0	0.037037037037037	0	0	0	1	0	1	0.4	1
"DLBCL_RICOVER_290"	1	0.915573234421082	0.2	0	0.0833333333333333	0	0	1.5	0.111111111111111	0.25	0	0	0.5	0	0	0.0740740740740741	0	0	0.166666666666667	1	0	0.5	0.8	1
"DLBCL_MC_F927_JHS"	1	0.916635555560326	0	0	0	0	0	1.5	0	0	0	0	0	0	0	0.037037037037037	0	0	0	0	0	0	0	0
"DLBCL_RICOVER_111"	1	0.917363185382191	0	0	0	0	0.5	1	0.222222222222222	0.125	0	0	0.5	0	0	0.111111111111111	0.25	0	0.333333333333333	0	0	0.333333333333333	0	0
"DLBCL_RICOVER_216"	1	0.919691339225267	0	0	0	0	0.5	1.5	0.222222222222222	0	0	0	0	0	0	0	0	0	0	0	0	0	0	0
"DLBCL_RICOVER_978"	1	0.920705879042979	0.4	0	0.25	0	0	0.5	0.111111111111111	0	0	0	0.5	0	0	0.259259259259259	0.25	0	0.666666666666667	0	0	1	0.4	0
"DLBCL_RICOVER_197"	1	0.924642155332166	0	0	0.166666666666667	0	0	0.5	0	0	0	0	0	0	0	0.148148148148148	0	0	0	0	0	0	0	0
"DLBCL_RICOVER_320"	1	0.929936736726121	0	0	0	0	0	0.5	0	0	0	0.5	0	0	0	0.111111111111111	0.25	0	0	0	0	0	0	0
"DLBCL_LS762"	2	0.227746700583124	0	0.142857142857143	0.0833333333333333	0	0.5	1	0.222222222222222	0	0	0	0	0	0	0	0	0	0.333333333333333	0	0	0	0	0
"DLBCL_C_D_1162_NULLPAIR"	2	0.527304444970041	0.1	0.142857142857143	0.125	0	0	0.5	0	0	0	0	0	0	0	0.0740740740740741	0.25	0	0.333333333333333	0	0	0	0	0
"DLBCL_LS3615"	2	0.585111294771976	0	0	0	0	0	1	0	0	0	0	0	0	0	0.037037037037037	0.25	0	0	0	0	0	0	0
"DLBCL_C_D_1113_NULLPAIR"	2	0.586374159870723	0	0	0	0	0	0.5	0	0	0	0	0.5	0	0	0.0740740740740741	0.25	0	0.333333333333333	0	0	0	0	0
"DLBCL_RICOVER_463"	2	0.718741022738775	0	0.142857142857143	0.0833333333333333	0	0	0.5	0	0	0	0	0.5	0	0	0.111111111111111	0.25	0	0.333333333333333	0	0	0	0	0
"DLBCL_RICOVER_1283"	2	0.756446864106777	0	0	0.0416666666666667	0	0	0.5	0	0	0	0	0	0	0	0.185185185185185	0.25	1	0.333333333333333	0	0	0	0	0
"DLBCL_MC_F349_BJJ"	2	0.804295108096634	0	0	0	0	0	0.5	0	0	0	0	0	0	0	0.111111111111111	0.25	1	0.666666666666667	0	0	0	0	0
"DLBCL_LS4619"	2	0.815980116338567	0.2	0.142857142857143	0.166666666666667	0	0	0.5	0	0.25	1	0	0.5	0	0	0.222222222222222	0	1	0	0	0	0	0	0
"DLBCL_RICOVER_1046"	2	0.833374577866518	0	0	0	0	0.5	0.5	0.333333333333333	0	0	0	0	0	1	0.444444444444444	0.125	0.6	0.666666666666667	0	0	0	0	0
"DLBCL_LS3820"	2	0.848049525623881	0	0	0.0833333333333333	0	0	0.5	0.111111111111111	0	0	0	0.5	0	0	0.037037037037037	0	1	0	0	0	0	0	0
"DLBCL_MC_F362_MJB1"	2	0.857843071143754	0	0	0.0833333333333333	0	0	0.5	0	0.25	1	0	0	0	0.333333333333333	0.296296296296296	0	0.6	0.666666666666667	0	0	0	0	0
"DLBCL_MAYO_DLBCL_234"	2	0.859680350419031	0.4	0.142857142857143	0.25	0	0	0.5	0	0.5	0	0	1	0	0	0.0740740740740741	0.25	0	0.666666666666667	0	0	0.333333333333333	0	0
"DLBCL_RICOVER_269"	2	0.863394099213368	0	0.285714285714286	0.166666666666667	0	0.5	0.5	0.222222222222222	0	0	0	0	0	0	0.259259259259259	0	1	0.333333333333333	0	0	0	0	0
"DLBCL_LS297"	2	0.865971217139916	0.2	0.142857142857143	0.25	0	0	0.5	0.111111111111111	0	0	0	0	0	0	0.148148148148148	0.375	1	0.666666666666667	0	0	0	0	0
"DLBCL_LS4618"	2	0.872874959234507	0	0.142857142857143	0.0833333333333333	0	0	0.5	0	0	0	0	0	0	0.666666666666667	0	0	1	0.333333333333333	0	0	0	0	0
"DLBCL_LS1395"	2	0.873231342366961	0	0.142857142857143	0.0833333333333333	0	0	1	0	0	0	0	0	0	1	0.222222222222222	0	0.8	0.666666666666667	0	0	0	0	0
"DLBCL_C_D_1133_NULLPAIR"	2	0.881024621969978	0	0	0	0	0.5	0.5	0.222222222222222	0	0	0	0	0	0.333333333333333	0.185185185185185	0	1	0.333333333333333	0	0	0	0	0
"DLBCL_LS2599"	2	0.886663083617247	0	0.142857142857143	0.25	0	0	0.5	0	0	0	0	0	0	0	0.148148148148148	0.5	1	0	0	0	0	0.4	0
"DLBCL_MC_F606_DMJ"	2	0.888041418478753	0	0	0	0	0	0.5	0	0	1	0.5	0	0	0.333333333333333	0.296296296296296	0.125	1	0.333333333333333	0	0	0	0	0
"DLBCL_RICOVER_1269"	2	0.889944299849667	0	0	0.125	0	0	0.5	0.222222222222222	0	0	0	0	0	0	0.185185185185185	0.5	0.4	0.333333333333333	0	0	0	0	0
"DLBCL_C_D_1127_NULLPAIR"	2	0.895922943387718	0	0	0	0	0	0.5	0	0	0	0	0	0	0	0.148148148148148	0.375	1	0.666666666666667	0	0	0	0	0
"DLBCL_LS4592"	2	0.896606661316196	0.2	0.285714285714286	0.416666666666667	0	0	0.5	0	0	0	0	1	0	0	0.296296296296296	0.5	1	0.666666666666667	0	0	0	0	0
"DLBCL_RICOVER_469"	2	0.89794927861446	0	0	0	0	0	0.5	0	0	0	0	0	0	0	0.0740740740740741	0.25	1	0.666666666666667	0	0	0.333333333333333	0.4	0
"DLBCL_MC_F064AB"	2	0.899259107925305	0.2	0.142857142857143	0.25	0	0	0.5	0	0.25	0	0	0	0	0	0.0740740740740741	0	1	0.333333333333333	0	0	0	0	0
"DLBCL_LS155"	2	0.902196599774334	0.4	0.285714285714286	0.416666666666667	0	0	0.5	0	0	0	0	0	0	0	0	0.25	1	0.333333333333333	0	0	0	0	0
"DLBCL_RICOVER_577"	2	0.90373771415962	0.2	0	0.0833333333333333	0	1	0.5	0.444444444444444	0	0	0	0	0	0	0.111111111111111	0.375	0	1	0	0	0.333333333333333	0	0
"DLBCL_RICOVER_384"	2	0.90583565153673	0.2	0	0.0833333333333333	0	0	0.5	0	0	1	0	0.5	0	0	0.555555555555556	0.875	0.4	0.666666666666667	0	0	0	0	0
"DLBCL_LS2245"	2	0.907325843346155	0	0.285714285714286	0.166666666666667	0	0	0.5	0.111111111111111	0	0	0	0.5	0	0.333333333333333	0.407407407407407	0	1	0.666666666666667	0	0	0	0.4	1
"DLBCL_MC_F344_CJS"	2	0.90823629930331	0	0.428571428571429	0.333333333333333	0	0	0.5	0	0.25	0	0	0.5	0	0	0.222222222222222	0.625	1	0.666666666666667	1	0	0	0	0
"DLBCL_C_D_1157_NULLPAIR"	2	0.908709746256141	0.1	0	0.0416666666666667	0	0	0.5	0	0.25	0	0	1	0	0	0.111111111111111	0.25	1	0.333333333333333	0	0	0	0	1
"DLBCL_MC_F358_WDS"	2	0.90873056500636	0.4	0	0.166666666666667	0	0	0.5	0	0	0	0	0	0	0	0.111111111111111	0.375	1	0.666666666666667	0	0	0	0	0
"DLBCL_LS4616"	2	0.908787312016988	0	0.285714285714286	0.166666666666667	0	0	0.5	0	0	0	0	0	0	1	0.222222222222222	0	1	0.666666666666667	0	0	0	0	0
"DLBCL_MC_F815_BAT"	2	0.909155185184791	0.1	0.285714285714286	0.291666666666667	0	0	0.5	0.111111111111111	0.375	0	0	1	0	0	0.222222222222222	0	1	0.333333333333333	1	1	0	0	0
"DLBCL_RICOVER_1013"	2	0.909486038024383	0.1	0	0.0416666666666667	0	0.5	0.5	0.222222222222222	0	0	0.5	0.5	0	0	0.222222222222222	0	1	0.666666666666667	0	0	0	0	0
"DLBCL_LS1620"	2	0.910012263903228	0	0	0	0	0	0.5	0	0	0	0	0	0	0	0.037037037037037	0.625	1	1	0	0	0	0	0
"DLBCL_RICOVER_267"	2	0.910462282594226	0.2	0	0.166666666666667	0	0	0.5	0	0.25	0	0	0	0	0	0.0740740740740741	0.25	1	0.666666666666667	0	0	0	0	0
"DLBCL_C_D_1110_NULLPAIR"	2	0.9111743156938	0.5	0.0714285714285714	0.25	0	0.5	0.5	0.222222222222222	0	0	0	0	0	0	0.111111111111111	0	1	0.333333333333333	0	0	0.666666666666667	0	0
"DLBCL_C_D_1141_NULLPAIR"	2	0.912000243809869	0	0	0	0	1	0.5	0.333333333333333	0	0	1	1	0	0	0.222222222222222	0.25	1	0.666666666666667	0	0	0.333333333333333	0	0
"DLBCL_LS3309"	2	0.912443226952089	0	0	0	0	0	0.5	0.222222222222222	0	0	0	0.5	1	1	0.851851851851852	0.375	1	0.666666666666667	0	0	0	0	0
"DLBCL_C_D_1111_NULLPAIR"	2	0.912848270841691	0	0	0	0	0	0.5	0	0	0	0.5	0	0	0	0.037037037037037	0	0	0	0	0	0	0	0
"DLBCL_LS3085"	2	0.914253776526627	0	0	0	0	0	1.5	0	0	0	0	0.5	0	0	0.0740740740740741	0	0	0	0	0	0	0	0
"DLBCL_RICOVER_1060"	2	0.914694871823995	0	0	0	0	0.5	1.5	0.333333333333333	0	0	0	0	0	0	0.148148148148148	0	0	0	0	0	0	0.4	0
"DLBCL_MC_F496DMP"	2	0.915758232064543	0.2	0	0.0833333333333333	0	0	1.5	0	0	0	0	0	0	0	0.111111111111111	0	0	0.333333333333333	0	0	0	0	1
"DLBCL_LS4054"	2	0.917408073546396	0	0.142857142857143	0.0833333333333333	0	0	1.5	0	0	1	0	0	0	0	0.111111111111111	0	0	0	0	0	0	0	0
"DLBCL_RICOVER_1169"	2	0.918014304735388	0	0	0	0	0	1.5	0	0	0	0.5	0.5	0	0	0.0740740740740741	0	0	0	0	0	0	0	0
"DLBCL_C_D_1149_NULLPAIR"	2	0.919894548661864	0	0	0	0	1	1.5	0.333333333333333	0	0	0	0	0	0	0.222222222222222	0	0	0	0	0	0.166666666666667	0	0
"DLBCL_RICOVER_1165"	2	0.921095009179779	0	0	0	0	0	1.5	0.222222222222222	0.25	0	0	0	0	1	0.222222222222222	0	0	0.333333333333333	1	0	0	0	0
"DLBCL_LS1065"	2	0.921120498220881	0.4	0	0.166666666666667	0	0	1.5	0.111111111111111	0	1	0.5	0	0	1	0.481481481481481	0.125	0	0	0	0	0.333333333333333	0	0
"DLBCL_MC_F500_ECU"	2	0.921396808061098	0.1	0	0.0416666666666667	0	0	1.5	0.222222222222222	0.25	0	0.5	0	0	0	0.185185185185185	0	0	0	0	0	0	0	0
"DLBCL_LS3204"	2	0.922703872192131	0.2	0.142857142857143	0.166666666666667	0	0	0.5	0	0	0	0.5	0.5	1	0	0.444444444444444	0	0	0	0	0	0	0.4	0
"DLBCL_MC_F990_MNA"	2	0.922995784330212	0	0.142857142857143	0.0833333333333333	1	0	1.5	0.333333333333333	0.75	1	0	0.5	1	0.333333333333333	0.851851851851852	0	0	0	0	0	0.166666666666667	0	0
"DLBCL_MC_F729_MAN"	2	0.927365569494708	0.1	0	0.0416666666666667	0	0	1.5	0.111111111111111	0	1	0	0	0	0.666666666666667	0.259259259259259	0	0	0.166666666666667	0	0	0	0	0
"DLBCL_RICOVER_496"	2	0.92898999400793	0	0	0	0	0	0.5	0	0	0	0	0	0	0	0.222222222222222	0	0	0	0	0	0	0	0
"DLBCL_RICOVER_623"	2	0.932933388430308	0	0	0.166666666666667	0	0	0.5	0.222222222222222	0	0	0.5	1	0	0.333333333333333	0.518518518518518	0	0	0.333333333333333	0	0	0	0	0
"DLBCL_C_D_1117_NULLPAIR"	2	0.942524865541763	0.6	0.142857142857143	0.333333333333333	0	0	1	0	0	0	0	0	0	1	0.37037037037037	0	0	0	0	0	0.333333333333333	0.4	0
"DLBCL_LS3245"	3	0.477217046836192	0.2	0.142857142857143	0.166666666666667	0	0.5	0.5	0.333333333333333	0	1	0	1	1	0.666666666666667	0.740740740740741	0.125	1	0.333333333333333	0	0	0	0	0
"DLBCL_RICOVER_822"	3	0.533308456913319	0.2	0	0.0833333333333333	0	1	1.5	0.666666666666667	0	1	0	0.5	0	0.666666666666667	0.37037037037037	0	0	0.333333333333333	0	0	0	0	0
"DLBCL_MC_F959_ERM"	3	0.723106567650294	0.2	0	0.0833333333333333	1	1	1.5	0.666666666666667	0.25	0	0	1	1	0.666666666666667	0.555555555555556	0	0	0.333333333333333	0	0	0	0.6	1
"DLBCL_RICOVER_839"	3	0.769897052317917	0	0.142857142857143	0.0833333333333333	0	0	1	0	0	1	0.5	0	0	1	0.296296296296296	0	0	0	0	0	0	0	0
"DLBCL_LS2328"	3	0.774823539639962	0.4	0	0.166666666666667	0	0	0.5	0	0	0	0.5	0	0	1	0.592592592592593	0.375	0.6	0.666666666666667	0	0	0	0.4	0
"DLBCL_RICOVER_266"	3	0.779860817298417	0	0	0	0	0	1.5	0.222222222222222	0	1	0	0.5	0	0.333333333333333	0.333333333333333	0	0	0	0	0	0	0	1
"DLBCL_MAYO_DLBCL_7359"	3	0.787142673379168	0.1	0	0.125	0	0.5	1	0.666666666666667	0	0	0.5	1	1	1	0.777777777777778	0	0	0	0	0	0	0.6	0
"DLBCL_RICOVER_1072"	3	0.811395279094489	0.2	0.285714285714286	0.333333333333333	0	0	0.5	0.111111111111111	0.25	1	0	0.5	0	0	0.703703703703704	0	0	0	1	0	0	0	0
"DLBCL_MC_F210_GWC"	3	0.817131336633661	0.2	0.142857142857143	0.166666666666667	0	0.5	1	0.111111111111111	0	0	0	0.5	0	0	0.259259259259259	0	0	0	0	0	0	0	0
"DLBCL_LS88"	3	0.851627025299158	0	0	0	0	0	1.5	0.333333333333333	0	1	0	0	0	1	0.37037037037037	0	0.6	0	0	0	0	0	0
"DLBCL_LS146"	3	0.855108538600584	0	0.142857142857143	0.0833333333333333	0	0.5	0.5	0.555555555555556	0	0	0.5	1	1	1	0.777777777777778	0.125	0	0	0	0	0.333333333333333	0	0
"DLBCL_C_D_1118_NULLPAIR"	3	0.86710284534313	0	0	0.0833333333333333	0	0	0.5	0	0.125	1	0	1	0	0	0.407407407407407	0	0	0	0	0	0	0	1
"DLBCL_LS1921"	3	0.868277032840906	0.2	0.285714285714286	0.333333333333333	0	0	0.5	0	0	0	0.5	1	0	0.333333333333333	0.740740740740741	0.25	0.6	0	0	0	0	0	0
"DLBCL_C_D_1135_NULLPAIR"	3	0.869725719718696	0.6	0	0.25	0	0.5	1.5	0.444444444444444	0	0	0.5	0	0	0.666666666666667	0.555555555555556	0.125	0	0.333333333333333	0	0	0	0.6	1
"DLBCL_MC_F502_RFK"	3	0.870584505517632	0	0	0	0	0.5	0.5	0.555555555555556	0	1	0.5	0	1	1	0.518518518518518	0.5	1	0.333333333333333	0	0	0	0	0
"DLBCL_C_D_1131_NULLPAIR"	3	0.871269349051554	0	0	0	1	0	1.5	0	0.5	0	0	0	0	0.666666666666667	0.407407407407407	0	0	0.333333333333333	0	0	0.333333333333333	0	0
"DLBCL_C_D_1108_NULLPAIR"	3	0.87159924116321	0	0	0.0416666666666667	0	0.5	1.5	0.666666666666667	0	0	0.5	0	1	0.666666666666667	0.407407407407407	0	0	0	0	0	0	0	0
"DLBCL_RICOVER_288"	3	0.871864366811607	0.2	0	0.125	0	0	1.5	0.111111111111111	0	1	0.5	1	1	0.666666666666667	0.703703703703704	0	0	0	0	0	0	0	0
"DLBCL_LS2258"	3	0.874546171130953	0	0	0	0	0	1.5	0	0	0	0	0	0	1	0.333333333333333	0	0	0	0	0	0	0	0
"DLBCL_RICOVER_948"	3	0.874851312696551	0	0	0	0	0.5	0.5	0.333333333333333	0	0	1	0	0	1	0.444444444444444	0	0.6	0	0	0	0	0	0
"DLBCL_C_D_1136_NULLPAIR"	3	0.875040532650985	0	0	0.166666666666667	1	0	1.5	0	0.25	1	0	0.5	1	1	0.703703703703704	0	0	0	1	0	0	0	0
"DLBCL_LS2089"	3	0.875123936163226	0	0	0	1	1	1.5	0.555555555555556	0.5	0	0	0	1	1	0.666666666666667	0	0	0	0	0	0	0	0
"DLBCL_RICOVER_533"	3	0.88134533770315	0	0.428571428571429	0.25	0	0.5	0.5	0.222222222222222	0	0	0.5	0.5	1	0	0.777777777777778	0.25	0	0	0	0	0	0	0
"DLBCL_LS3749"	3	0.888032531615808	0.2	0	0.166666666666667	0	0	0.5	0.222222222222222	0	1	0.5	1	1	0	0.814814814814815	0.125	0	0	0	0	0	0	0
"DLBCL_RICOVER_1235"	3	0.892683170073762	0	0	0.0833333333333333	0	0.5	1	0.111111111111111	0	0	1	1	1	1	0.777777777777778	0.125	1	0.5	0	0	0.333333333333333	0	0
"DLBCL_RICOVER_780"	3	0.892783908917849	0.2	0.142857142857143	0.166666666666667	0	0	0.5	0.333333333333333	0	0	0	1	0	1	0.518518518518518	0.25	0.4	0.333333333333333	0	0	0	0	0
"DLBCL_MC_F089_HCZ"	3	0.897866205527576	0	0.285714285714286	0.166666666666667	0	0	0.5	0.111111111111111	0.25	1	0.5	0	0	0.666666666666667	0.592592592592593	0	0.4	0.333333333333333	0	0	0	0	0
"DLBCL_C_D_1119_NULLPAIR"	3	0.899245409408827	0	0	0	0	0	1	0.111111111111111	0	1	0	0	1	0	0.481481481481481	0.125	0	0	0	0	0.333333333333333	0	1
"DLBCL_RICOVER_299"	3	0.899811146977547	0	0	0	0	0.5	0.5	0.333333333333333	0.125	1	0.5	1	1	0.333333333333333	0.962962962962963	0.25	1	0.666666666666667	0	0	0	0	0
"DLBCL_RICOVER_107"	3	0.902666220728181	0	0	0	0	0	1	0	0	0	0	1	0	0.333333333333333	0.62962962962963	0.125	0	0.333333333333333	0	0	0	0	0
"DLBCL_RICOVER_174"	3	0.903417357907176	0	0	0	0	0	1.5	0.111111111111111	0	0	0.5	0	1	1	0.777777777777778	0.125	0	0	0	0	0.333333333333333	0.4	0
"DLBCL_RICOVER_126"	3	0.903594741735835	0	0	0	0	0	0.5	0.111111111111111	0	1	1	1	1	1	0.740740740740741	0.25	1	0.333333333333333	0	0	0	0	0
"DLBCL_RICOVER_335"	3	0.904739483077241	0.4	0.285714285714286	0.333333333333333	0	0	0.5	0.111111111111111	0	1	0.5	1	1	1	0.814814814814815	0	0	0	0	0	0	0	0
"DLBCL_RICOVER_253"	3	0.905432565405394	0	0	0	0	0	0.5	0.111111111111111	0	1	0	0.5	1	1	1	0	0	0.333333333333333	0	0	0	0	1
"DLBCL_MC_F739_AMA3"	3	0.907853404011883	0.3	0.142857142857143	0.208333333333333	0	0.5	0.5	0.222222222222222	0	1	1	0	1	1	0.888888888888889	0.25	1	0.666666666666667	0	0	0	0	0
"DLBCL_LS1683"	3	0.909254291113604	0	0.142857142857143	0.0833333333333333	0	1	1.5	0.666666666666667	0.25	0	0	0.5	0	0.666666666666667	0.222222222222222	0	0	0.333333333333333	0	0	0	0	0
"DLBCL_C_D_1140_NULLPAIR"	3	0.91019744093183	0	0	0	0	0	1.5	0	0.25	0	0	0	0	0	0	0	0	0	0	0	0	0	0
"DLBCL_RICOVER_215"	3	0.91087270878242	0	0	0	0	0	1.5	0.111111111111111	0.25	0	0	0	0	0	0.037037037037037	0	0	0	0	0	0	0	0
"DLBCL_C_D_1105_NULLPAIR"	3	0.911120909370941	0.1	0	0.0416666666666667	0	0	0.5	0.222222222222222	0.25	0	0	0	0	0.333333333333333	0.148148148148148	0	0	0.333333333333333	0	0	0.666666666666667	0	0
"DLBCL_LS1546"	3	0.911410113284943	0	0	0	0	1	1.5	0.555555555555556	0	0	0	0	0	0	0.185185185185185	0	0	0	0	0	0	0	0
"DLBCL_LS2208"	3	0.911867433673283	0	0	0	0	0	1.5	0.222222222222222	0	0	0	0	0	0	0.037037037037037	0	0	0	0	0	0	0	0
"DLBCL_C_D_1120_NULLPAIR"	3	0.911990860352715	0	0	0	0	0.5	1.5	0.222222222222222	0.25	0	0	0	0	0	0.111111111111111	0	0	0.333333333333333	0	0	0	0	0
"DLBCL_MC_F089_MLB"	3	0.913224451065659	0.2	0	0.0833333333333333	0	0	1.5	0.444444444444444	0	0	0	0	0	0	0.037037037037037	0	0	0	0	0	0	0	0
"DLBCL_LS1304"	3	0.916607271557705	0	0	0	0	0	1.5	0.222222222222222	0.5	0	0	0	0	0	0	0	0.6	0	0	0	0	0	0
"DLBCL_RICOVER_173"	3	0.917666284551363	0.2	0	0.0833333333333333	1	0	1.5	0	0.75	0	0	0	0	0	0	0	0	0	0	0	0	0	0
"DLBCL_LS3200"	3	0.919719251757605	0	0	0	0	1	1.5	0.555555555555556	0	0	0	0	0	0	0.222222222222222	0	0	0	0	0	0	0	0
"DLBCL_RICOVER_1287"	3	0.919841272953032	0	0	0	0	0.5	1.5	0.333333333333333	0	0	0	0	0	0	0.037037037037037	0	0	0	0	0	0	0	0
"DLBCL_C_D_1144_NULLPAIR"	3	0.920173530019	0.1	0.142857142857143	0.125	0	0.5	1.5	0.333333333333333	0.5	0	0	0	0	0.666666666666667	0.037037037037037	0	0	0	0	0	0	0	0
"DLBCL_C_D_1145_NULLPAIR"	3	0.921274698531681	0	0.142857142857143	0.0833333333333333	0	0	1	0	0.25	1	0	0	0	0	0.0740740740740741	0.5	0	0	0	0	0.333333333333333	0	0
"DLBCL_RICOVER_704"	3	0.922288328132163	0	0	0	0	0	1.5	0.555555555555556	0.25	0	0	0	0	0	0.037037037037037	0	0	0	0	0	0	0.4	0
"DLBCL_C_D_1142_NULLPAIR"	3	0.924695994467118	0	0.142857142857143	0.0833333333333333	0	1	1	0.666666666666667	0	0	0	0	0	0.333333333333333	0.111111111111111	0	0	0	0	0	0	0	0
"DLBCL_RICOVER_1032"	3	0.925558864073391	0.2	0.142857142857143	0.166666666666667	1	0	1.5	0.444444444444444	0.75	0	0	0	0	1	0.407407407407407	0	0	0	0	0	0	0	0
"DLBCL_RICOVER_1190"	3	0.926003989389398	0	0	0	0	0.5	1.5	0.444444444444444	0	0	0	0	0	0	0.0740740740740741	0	0	0.333333333333333	0	0	0	0	1
"DLBCL_RICOVER_99"	3	0.92710064823161	0	0	0	0	0.5	1.5	0.444444444444444	0.5	0	0	0	0	0	0.037037037037037	0	0	0	1	0	0.333333333333333	0	0
"DLBCL_LS4085"	3	0.927934553384656	0	0	0.0416666666666667	0	0.5	1.5	0.444444444444444	0.25	0	0	0	0	0	0.148148148148148	0	0	0.333333333333333	0	0	0	0	0
"DLBCL_RICOVER_1237"	3	0.928150957756289	0	0	0	0	1	1	0.333333333333333	0.25	0	0	0	0	0	0.111111111111111	0	0	0	1	0	0	0	0
"DLBCL_RICOVER_150"	3	0.929536067519801	0.2	0	0.166666666666667	1	1	1.5	0.555555555555556	0.5	0	0	0	0	0.333333333333333	0.37037037037037	0	0	0	0	0	0	0	0
"DLBCL_RICOVER_583"	3	0.929674056069433	0	0	0	0	0.5	1.5	0.555555555555556	0	0	0	0	0	0	0.148148148148148	0	0	0	0	0	0	0	0
"DLBCL_RICOVER_763"	3	0.930475923437863	0	0.142857142857143	0.0833333333333333	0	0.5	1.5	0.444444444444444	0.25	0	0	0	0	0.333333333333333	0.333333333333333	0	0	0	0	0	0	0	0
"DLBCL_RICOVER_1329"	3	0.930848712483974	0	0	0	0	0.5	1.5	0.444444444444444	0.25	1	0	0	0	0	0.185185185185185	0	0	0	1	0	0	0	0
"DLBCL_RICOVER_467"	3	0.935376691347426	0	0	0	0	1	1.5	0.888888888888889	0.75	0	0	0	1	1	0.444444444444444	0	0	0.333333333333333	0	1	0	0.6	0
"DLBCL_RICOVER_431"	3	0.93758603977437	0.2	0.142857142857143	0.333333333333333	1	0	1.5	0.333333333333333	0.5	0	0	0	0	0	0.222222222222222	0	0	0	0	0	0	0	0
"DLBCL_RICOVER_1219"	3	0.945336256526587	0	0.142857142857143	0.166666666666667	1	0.5	1.5	0.444444444444444	0.5	0	0	0	0	0	0.0740740740740741	0	0	0	0	0	0	0	0
"DLBCL_C_D_1104_NULLPAIR"	4	0.443156101277452	0	0	0	1	0.5	1.5	0.333333333333333	0.5	0	0	0	0	1	0.148148148148148	0	0	0	0	0	0	0	0
"DLBCL_RICOVER_1106"	4	0.465232872939017	0.4	0	0.333333333333333	1	1	1.5	0.888888888888889	0.75	0	0	0	0	0	0.185185185185185	0	0	0	0	0	0	0	0
"DLBCL_RICOVER_506"	4	0.500996158523641	0	0	0	0	0.5	1.5	0.555555555555556	0.25	1	0	0.5	0	0	0.407407407407407	0.125	0	0	0	0	0	0	0
"DLBCL_RICOVER_1248"	4	0.741273594673535	0	0.142857142857143	0.0833333333333333	1	1	1.5	1	0.5	0	0	0	0	0	0.222222222222222	0	0	0	0	0	0.333333333333333	0	1
"DLBCL_RICOVER_685"	4	0.796957114630486	0	0	0.0833333333333333	1	0	0.5	0.111111111111111	1	0	0	0	0	0	0.222222222222222	0	0	0	0	0	0	0	0
"DLBCL_LS2596"	4	0.844405400661542	0	0	0.0416666666666667	1	0.5	1.5	0.222222222222222	0.5	0	0	0	0	0	0.148148148148148	0	0	0.333333333333333	0	0	0	0	0
"DLBCL_RICOVER_1289"	4	0.847155721872893	0.8	0.142857142857143	0.416666666666667	1	0	1.5	0	0.75	0	0	0	0	0	0.0740740740740741	0	0	0.333333333333333	0	0	0	0	0
"DLBCL_RICOVER_417"	4	0.847830521239942	0	0	0	1	0.5	1.5	0.333333333333333	0.75	0	0	0	0	0	0.148148148148148	0	0	0	0	1	0	0	0
"DLBCL_RICOVER_712"	4	0.859039639447879	0.2	0	0.0833333333333333	0	0.5	1.5	0.555555555555556	0.25	0	0	0	0	0	0.0740740740740741	0	0	0	0	0	0	0	0
"DLBCL_RICOVER_1192"	4	0.860823021993512	0	0	0	1	1	1.5	0.444444444444444	0.5	0	0	0	0	0	0.148148148148148	0	0	0.333333333333333	0	0	0	0	0
"DLBCL_MC_F339_JPS2"	4	0.864134518766448	0.1	0	0.0416666666666667	0	0.5	1.5	0.444444444444444	0.5	0	0	0	0	0	0.0740740740740741	0	0	0	0	0	0	1	0
"DLBCL_RICOVER_956"	4	0.86588480531719	0	0	0	0	0.5	1.5	0.444444444444444	0	0	0	0	0	0	0.037037037037037	0	0	0	0	0	0	0	0
"DLBCL_RICOVER_773"	4	0.866480441253745	0	0	0	1	0.5	1.5	0.333333333333333	0.5	0	0	0	0	0	0.148148148148148	0	0	0.666666666666667	0	0	0	0	0
"DLBCL_LS1583"	4	0.866917474538752	0.3	0	0.125	1	0.5	1.5	0.444444444444444	0.5	0	0	0	0	0	0.148148148148148	0	0	0.333333333333333	0	0	0	0	0
"DLBCL_C_D_1125_NULLPAIR"	4	0.868260124339246	0	0	0.0833333333333333	1	0.5	1.5	0.666666666666667	0.75	0	0	0	0	0	0.111111111111111	0	0.2	0	0	0	0	0	0
"DLBCL_RICOVER_585"	4	0.872095750947449	0	0.142857142857143	0.125	1	0.5	1.5	0.777777777777778	0.75	1	0	0	0	0	0.185185185185185	0	0	0	0	0	0	0.6	1
"DLBCL_MC_F519_ALT"	4	0.873818689422078	0	0	0	0	0.5	1.5	0.555555555555556	0.25	1	0	0	0	0	0.037037037037037	0	0	0	0	0	0.333333333333333	0	0
"DLBCL_RICOVER_850"	4	0.881674250029034	0	0	0.0833333333333333	0	0	1.5	0.222222222222222	0.75	0	0.5	0.5	0	0	0.259259259259259	0	0	0	1	0	0	0	0
"DLBCL_C_D_1163_NULLPAIR"	4	0.886163505055239	0.2	0.142857142857143	0.25	1	0	1.5	0.222222222222222	1	0	0	0	0	0	0	0	0	0	0	0	0	0	0
"DLBCL_RICOVER_720"	4	0.888376971802835	0	0	0	1	0.5	1.5	0.666666666666667	0.75	0	0	0	0	0	0.222222222222222	0	0	0	0	0	0	0	1
"DLBCL_RICOVER_134"	4	0.889356553611365	0	0.142857142857143	0.0833333333333333	1	1	1.5	0.888888888888889	0.5	0	0	0	0	0.333333333333333	0.185185185185185	0	0	0.333333333333333	0	0	0	0	0
"DLBCL_C_D_1124_NULLPAIR"	4	0.89207374139213	0.1	0	0.208333333333333	1	0.5	1.5	0.666666666666667	0.75	0	0	0	0	0	0	0	0.4	0	0	0	0	0	0
"DLBCL_C_D_1138_NULLPAIR"	4	0.894708563912346	0.4	0	0.166666666666667	0	0.5	0.5	0.444444444444444	0	0	0	0	0	0	0.111111111111111	0.5	0	0	0	0	0	0	0
"DLBCL_MAYO_DLBCL_3653"	4	0.894924957785594	0	0.214285714285714	0.125	0	0	0.5	0	0.25	0	0	0	0	0	0.037037037037037	0	0	0	0	0	0	0	0
"DLBCL_RICOVER_102"	4	0.895795860312945	0	0.142857142857143	0.166666666666667	0	0	1	0	0	0	0	0	0	0	0	0	0	0	0	0	0	0	0
"DLBCL_RICOVER_1081"	4	0.896294145142576	0.1	0.142857142857143	0.291666666666667	0	0	0.5	0	0.25	0	0	0	0	0	0.111111111111111	0.125	0	0.666666666666667	0	0	0.333333333333333	0.4	0
"DLBCL_RICOVER_866"	4	0.89874398940881	0.6	0.571428571428571	0.833333333333333	0	0	0.5	0	0	0	0	1	0	0	0.37037037037037	1	1	1	0	0	0	0	0
"DLBCL_RICOVER_1018"	4	0.901877948490054	0.5	0.428571428571429	0.541666666666667	0	0	1.5	0.333333333333333	0	0	0	0.5	1	0.333333333333333	0.666666666666667	0.125	0	0	0	0	0	0	0
"DLBCL_RICOVER_408"	4	0.902894688174971	0	0.142857142857143	0.166666666666667	0	0	0.5	0.222222222222222	0	0	1	1	0	0	0.259259259259259	0.25	0	0	0	0	0	0	0
"DLBCL_LS1899"	4	0.904324278253335	0.1	0.142857142857143	0.291666666666667	0	0	0.5	0	0	0	0	0	0	0	0.0740740740740741	0	0	0	0	0	0	0	0
"DLBCL_RICOVER_342"	4	0.90492236782179	0	0.142857142857143	0.166666666666667	0	0	0.5	0	0	0	0	0	0	0	0.037037037037037	0.25	0	0	0	0	0	0	0
"DLBCL_LS951"	4	0.909859147173474	0	0.428571428571429	0.25	0	0	0.5	0	0	0	0.5	0.5	0	0	0.185185185185185	0.125	0	0	0	0	0	0.4	0
"DLBCL_RICOVER_1247"	4	0.909918286432611	0.3	0.285714285714286	0.375	0	0	1	0	0.25	0	0	0	0	0	0	0	0	0	0	0	0	0	0
"DLBCL_RICOVER_711"	4	0.911288566243194	0.6	0.142857142857143	0.416666666666667	0	0	0.5	0	0	0	0	1	0	0.333333333333333	0.407407407407407	0	0	0	0	0	0	0	1
"DLBCL_RICOVER_361"	4	0.913791871801621	0	0.428571428571429	0.333333333333333	0	0	0.5	0	0	0	0	0	0	0	0	0	0	0	0	0	0	0	0
"DLBCL_LS2590"	4	0.914184963622736	0.3	0.285714285714286	0.458333333333333	0	0	1.5	0.111111111111111	0	0	0	0	0	0	0.0740740740740741	0	0	0.333333333333333	0	0	0	0	0
"DLBCL_LS2357"	4	0.914587220359116	0.6	0.428571428571429	0.5	0	0	1	0	0	0	0	0	0	0	0	0.25	0	0	0	0	0	0	0
"DLBCL_RICOVER_148"	4	0.914840635168096	0	0.428571428571429	0.333333333333333	0	0	0.5	0	0	0	0	0	0	0.333333333333333	0.185185185185185	0	0	0	0	0	0	0	0
"DLBCL_C_D_1150_NULLPAIR"	4	0.914910589822818	0.5	0	0.291666666666667	0	0	1.5	0.111111111111111	0	0	0	0	0	0.666666666666667	0.0740740740740741	0.25	0	0	0	0	0	0.8	0
"DLBCL_RICOVER_338"	4	0.915681283855635	0	0.285714285714286	0.333333333333333	0	0	0.5	0	0	0	0	0	0	0	0.037037037037037	0	0	0	0	0	0	0.4	0
"DLBCL_LS3499"	4	0.916556769884445	0.5	0.142857142857143	0.291666666666667	0	0	0.5	0	0	0	0	1	0	0	0.111111111111111	0	0	0	0	0	0	0.4	0
"DLBCL_C_D_1153_NULLPAIR"	4	0.916760263828048	0.8	0.142857142857143	0.416666666666667	0	0.5	1	0.222222222222222	0	0	0	0	0	0	0.259259259259259	0	0	0	0	0	0	0	0
"DLBCL_MC_F218_RAP"	4	0.917300506893286	0.4	0.142857142857143	0.375	0	0	1	0	0	0	0	0	0	0	0	0.5	0	0	0	0	0	0	1
"DLBCL_C_D_1107_NULLPAIR"	4	0.917732481354961	0.2	0.285714285714286	0.291666666666667	0	0	0.5	0	0	0	1	1	0	0	0.185185185185185	0.5	0	0	0	0	0.333333333333333	0	1
"DLBCL_RICOVER_597"	4	0.918627521759936	0.8	0.142857142857143	0.5	1	0.5	1.5	0.222222222222222	0.75	0	0	0	0	0.333333333333333	0.148148148148148	0	0	0	0	0	0	0	0
"DLBCL_RICOVER_617"	4	0.918666183087778	0.4	0.142857142857143	0.416666666666667	0	0	0.5	0	0	0	0.5	1	0	0	0.185185185185185	0.25	0	0	0	0	0.333333333333333	0.4	0
"DLBCL_RICOVER_522"	4	0.920521324087996	0.6	0.428571428571429	0.5	0	0	0.5	0.111111111111111	0	0	0	0	0	0	0.148148148148148	0	1	0.333333333333333	0	0	0	0.4	0
"DLBCL_C_D_1103_NULLPAIR"	4	0.920930708945209	0.2	0.714285714285714	0.583333333333333	0	0	0.5	0	0	0	0	0	0	0.666666666666667	0.0740740740740741	0	0	0	0	0	0	0	0
"DLBCL_C_D_1109_NULLPAIR"	4	0.923832058429133	0.5	0.142857142857143	0.333333333333333	0	0	1.5	0	0	0	0	0.5	0	0	0.037037037037037	0	0	0	0	0	0	0.8	0
"DLBCL_RICOVER_274"	4	0.924033377746205	1	0.142857142857143	0.583333333333333	1	0	1.5	0	0.25	0	0	0	0	0.666666666666667	0.222222222222222	0	0	0	0	0	0	0	0
"DLBCL_RICOVER_985"	4	0.925916595872831	0	0.571428571428571	0.458333333333333	0	0	0.5	0	0	0	0	0.5	0	0	0.185185185185185	0	0	0	0	0	0	0	0
"DLBCL_C_D_1121_NULLPAIR"	4	0.926190031057461	0.8	0.857142857142857	1	0	0.5	0.5	0.222222222222222	0	1	0.5	0.5	1	0	0.777777777777778	0.375	1	0.333333333333333	0	0	0	0	0
"DLBCL_LS3271"	4	0.92651103895543	0.7	0.428571428571429	0.708333333333333	0	0	1.5	0	0.25	0	0	0	0	0	0.037037037037037	0	0	0	0	0	0	0	0
"DLBCL_RICOVER_701"	4	0.926726670454349	0.2	0.428571428571429	0.416666666666667	0	0	0.5	0	0	0	0	0	0	0	0	0	0	0	0	0	0.166666666666667	0	0
"DLBCL_C_D_1159_NULLPAIR"	4	0.927061672031057	0.8	0.142857142857143	0.416666666666667	0	0	0.5	0	0.25	0	0	0	0	0	0.037037037037037	0	0	0	0	0	0	0.4	1
"DLBCL_RICOVER_336"	4	0.930547093527652	0.4	0.571428571428571	0.583333333333333	0	0	1	0	0	0	0	1	0	0	0.296296296296296	0	0	0	0	0	0	0.4	0
"DLBCL_C_D_1151_NULLPAIR"	4	0.930566047538839	0.3	0.571428571428571	0.541666666666667	0	0	1	0	0.125	0	0.5	0	0	1	0.111111111111111	0.5	0	0	0	0	0	0.4	1
"DLBCL_MC_F139_LJF"	4	0.930807434610945	0.4	1	0.958333333333333	0	0	0.5	0	0.25	0	0.5	0.5	0	0	0.222222222222222	0	0	0.333333333333333	0	0	0	0.4	0
"DLBCL_RICOVER_1061"	4	0.93300552233201	0.8	0.428571428571429	0.666666666666667	0	0	0.5	0	0.125	0	0	0	0	0	0	0.25	0	0.333333333333333	0	0	0	0.4	0
"DLBCL_RICOVER_1138"	4	0.934679054960802	0.4	0.857142857142857	0.708333333333333	0	0	0.5	0	0	0	0	0	0	0	0.0740740740740741	0	0	0	0	0	0.333333333333333	0.8	0
"DLBCL_C_D_1148_NULLPAIR"	4	0.935498655177605	0.2	0.642857142857143	0.5	0	0	0.5	0	0	0	0	1	0	0	0.148148148148148	0.5	0	0	0	0	0	1	1
"DLBCL_LS3387"	4	0.936431249249606	1	0.285714285714286	0.666666666666667	0	0	0.5	0	0	0	0	0	0	0	0.0740740740740741	0.5	1	0.333333333333333	0	0	0.166666666666667	0.4	0
"DLBCL_C_D_1139_NULLPAIR"	4	0.94039823225137	0.8	0.5	0.708333333333333	0	0.5	1	0.111111111111111	0	0	0	0.5	0	0	0.259259259259259	0	0	0.333333333333333	0	0	0	0	1
