"cluster"	"P1"	"P2"	"P3"	"P4"	"P5"	"HIST1H2AC"	"CARD11"	"SF3B1"	"LTB"	"ACTB"	"RHOA"	"HIST1H2BK"	"HIST1H2AM"	"TOX"	"ETS1"	"HIST1H1B"	"HIST1H1D"	"KLHL6"	"ZFP36L1"	"HIST1H1C"	"STAT3"	"HIST1H2BC"	"CD58"	"NFKBIA"	"CD83"	"BRAF"	"NFKBIE"	"HIST1H1E"	"SGK1"	"SV.MYC"	"X18Q21.33.BCL2..AMP"	"BTG1"	"PRDM1"	"HLA.A"	"X19Q.AMP"	"X19P13.2.DEL"	"ZC3H12A"	"GRHPR"	"X19Q13.42.AMP"	"TBL1XR1"	"X17Q25.1.DEL"	"PIM1"	"X18P.AMP"	"ETV6"	"MYD88"	"X3P.AMP"	"CD79B"	"X13Q.AMP"	"X18Q.AMP"	"X10Q23.31.DEL"	"X19Q13.32.DEL"	"X8Q12.1.DEL"	"X1Q42.12.DEL"	"X11Q23.3.AMP"	"X3Q28.AMP"	"X6Q.DEL"	"X12P13.2.DEL"	"X2Q22.2.DEL"	"X6P.AMP"	"X13Q31.3.AMP"	"X11Q.AMP"	"X5Q.AMP"	"X19P13.3.DEL"	"X13Q14.2.DEL"	"X17Q24.3.AMP"	"X8Q24.22.AMP"	"X18Q23.DEL"	"X1Q23.3.AMP"	"X3Q28.DEL"	"X1P36.32.DEL"	"X16Q12.1.DEL"	"X2P16.1.AMP"	"X3P21.31.DEL"	"X14Q32.31.DEL"	"X4Q21.22.DEL"	"X1P13.1.DEL"	"X1P36.11.DEL"	"X1P31.1.DEL"	"X4Q35.1.DEL"	"X9Q21.13.DEL"	"X9P21.3.DEL"	"X21Q.AMP"	"X17P11.2.DEL"	"X17P.DEL"	"TP53"	"PTEN"	"MEF2B"	"GNA13"	"IRF8"	"HVCN1"	"TNFRSF14"	"KMT2D"	"EZH2"	"CREBBP"	"SV.BCL2"	"BCL2"	"SV.CD274.PDCD1LG2"	"SPEN"	"HLA.B"	"ZEB2"	"SV.TP63"	"X5P.AMP"	"FAS"	"TMEM30A"	"NOTCH2"	"B2M"	"CD70"	"UBE2A"	"TNFAIP3"	"BCL10"	"SV.BCL6"
"DLBCL_LS2154"	1	0.297702449357757	0.163723276608788	0.204347173665786	0.163723276608788	0.17050382375888	0	0	0	0	0	0	0	0	0	0	0	0	0	0	0	0	0	2	0	0	0	0	0	0	0	0	0	0	0	0	0	0	0	0	0	0	0	0	0	0	0	0	0	0	0	0	0	0	0	0	0	0	0	0	0	0	0	0	0	0	0	0	0	0	0	0	0	0	0	0	0	0	0	0	0	0	0	0	0	0	0	0	0	0	0	0	0	0	0	0	0	0	0	0	0	0	0	0	0	0	0	0	0	0	0	0
"DLBCL_RICOVER_478"	1	0.452166372348266	0.0332849165166153	0.0340158600374673	0.44737241628243	0.0331604348152209	0	0	0	0	0	0	0	0	0	0	0	0	0	0	0	0	0	0	0	0	0	0	0	0	3	0	0	0	0	0	0	0	0	0	0	0	0	1	0	2	1	0	0	1	0	0	0	0	0	0	0	0	0	1	0	0	0	0	0	0	0	0	0	0	1	0	0	0	1	0	0	1	1	0	1	0	0	0	0	0	0	0	0	0	0	0	0	0	0	0	0	0	0	0	2	0	0	0	0	0	0	0	0	0	2	0
"DLBCL_LS3866"	1	0.480914509258746	0.0835246533776828	0.0837122354776841	0.0835246533776828	0.268323948508204	0	0	0	0	0	0	0	0	0	0	0	0	0	0	2	0	0	0	0	0	0	0	0	2	0	0	0	0	0	0	0	0	0	0	0	0	0	0	0	0	0	0	0	0	0	0	1	0	0	0	0	0	0	0	0	0	0	0	0	0	0	0	0	0	0	0	0	0	0	0	0	0	0	0	0	0	0	0	0	0	0	0	0	0	0	0	0	0	0	0	0	0	2	0	0	0	0	0	0	0	0	0	0	0	0	0
"DLBCL_LS2595"	1	0.615355322470013	0.0957297411765833	0.0960429556316947	0.0956933883503368	0.0971785923713719	0	0	0	0	0	0	0	0	0	0	0	0	0	0	0	0	0	0	0	0	0	0	0	0	0	0	0	0	0	0	0	0	0	0	0	0	0	0	0	0	0	0	0	0	0	0	0	0	0	0	0	0	0	0	0	0	0	0	0	0	0	0	0	0	0	0	0	0	0	0	0	0	0	0	0	0	0	0	0	0	0	0	0	0	0	0	0	0	0	0	0	0	0	0	0	0	0	2	0	0	0	0	0	0	0	0
"DLBCL_RICOVER_575"	1	0.659692881190051	0.0248429424023055	0.0248429424023055	0.0248429424023055	0.265778291603033	0	0	0	2	0	0	0	2	0	0	0	0	0	0	0	0	0	0	0	0	0	0	0	0	0	0	1	0	0	1	0	0	0	0	0	0	0	0	0	0	0	0	0	0	0	0	0	0	0	0	0	0	0	0	0	1	0	0	0	1	0	0	0	0	0	0	0	0	0	0	0	0	0	0	0	0	0	0	0	0	2	0	0	0	0	0	0	0	0	0	0	0	0	0	0	0	0	2	0	0	0	2	0	2	0	0
"DLBCL_MC_F307_JPS"	1	0.70985347368468	0.0715427866403799	0.0748004290070158	0.0720623796188535	0.0717409310490704	0	0	0	0	0	0	0	0	0	0	0	0	0	0	0	0	0	0	0	0	0	0	0	0	0	0	0	0	0	0	0	0	0	0	0	0	0	0	0	0	0	0	0	0	0	0	0	0	0	0	0	0	0	0	0	0	0	0	0	0	0	0	0	0	0	0	0	0	0	0	0	0	0	0	0	0	0	0	0	0	0	0	0	0	0	0	0	0	0	0	0	0	0	0	0	0	0	0	0	0	0	0	0	0	0	3
"DLBCL_C_D_1132_NULLPAIR"	1	0.712250571651309	0.0368739206406425	0.0368739206406425	0.0368739206406425	0.177127666426764	0	0	0	2	1	0	0	0	0	0	0	0	0	0	0	2	0	0	0	0	0	0	0	0	0	0	1	0	2	0	0	0	0	0	0	0	0	0	0	0	0	0	0	0	0	0	0	0	0	0	0	0	0	0	0	0	0	0	0	0	0	0	0	1	0	0	0	0	0	0	0	0	0	0	0	0	0	0	0	0	0	0	0	0	0	0	0	0	0	0	0	0	2	0	0	0	0	0	0	0	0	2	0	0	0	0
"DLBCL_C_D_1115_NULLPAIR"	1	0.715263501704245	0.0702138478456697	0.070758665535634	0.0702138478456697	0.073550137068781	0	0	0	0	2	0	0	0	0	0	0	0	0	0	0	0	0	0	0	0	0	0	2	0	0	0	0	0	0	0	0	0	0	1	0	0	0	0	0	0	0	0	0	0	0	0	0	0	0	0	1	0	0	0	0	0	0	0	0	0	0	0	0	0	0	1	2	0	0	0	0	0	0	0	0	0	0	0	0	0	0	0	0	0	0	0	0	0	0	0	0	3	0	0	2	0	0	0	0	0	0	0	0	0	0	0
"DLBCL_RICOVER_910"	1	0.723888469177353	0.063047133596935	0.063233928299381	0.063047133596935	0.0867833353293961	0	0	0	0	0	0	0	0	0	0	0	2	0	0	0	0	0	0	0	0	0	0	0	0	0	0	0	0	0	0	0	0	0	0	0	0	0	0	0	0	0	0	0	0	0	0	0	0	0	0	0	0	0	0	0	0	1	0	0	0	0	0	0	0	0	0	0	0	0	0	0	0	0	0	0	0	0	0	0	0	0	0	0	0	0	0	0	0	0	0	0	0	0	0	0	0	1	0	0	0	0	0	0	0	0	0
"DLBCL_RICOVER_945"	1	0.785906619662255	0.0511867538672735	0.0511325258050125	0.0511325258050125	0.0606415748604466	0	0	0	0	0	0	0	0	0	0	2	0	0	0	0	0	2	0	0	0	0	0	0	0	0	0	0	2	0	1	0	0	0	0	0	1	0	0	0	0	0	0	0	0	0	0	0	0	0	0	0	0	0	0	1	0	0	1	0	1	2	0	0	0	1	0	0	0	0	0	1	1	0	0	0	0	0	0	0	0	0	0	2	0	0	0	0	0	0	0	0	0	2	2	0	0	0	0	0	0	2	0	0	0	0	0
"DLBCL_C_D_1106_NULLPAIR"	1	0.805723838758477	0.0238664407923375	0.12267683886451	0.0238664407923375	0.0238664407923375	0	0	0	0	0	0	0	0	0	0	0	0	0	0	2	0	0	0	0	0	0	0	0	0	0	0	0	0	0	0	1	0	0	0	0	0	0	0	0	0	0	0	1	0	0	0	0	0	0	0	0	0	0	1	0	0	0	0	0	0	0	1	1	0	1	0	0	1	0	0	1	1	1	0	0	1	0	0	0	0	0	0	0	0	0	0	0	0	0	0	0	0	2	0	0	0	0	0	0	0	0	0	0	0	2	3
"DLBCL_RICOVER_120"	1	0.827126692748973	0.0127388405182676	0.0125052158135297	0.135124035105701	0.0125052158135297	0	0	0	0	0	0	0	0	0	0	0	0	0	0	0	0	0	0	0	0	0	0	0	0	0	0	1	0	0	0	0	0	0	0	0	0	2	0	0	0	1	2	1	0	0	0	0	0	0	0	0	0	0	0	0	1	0	0	0	0	0	0	0	1	0	0	0	0	0	0	0	0	0	1	0	0	0	0	0	0	0	0	0	0	0	0	2	0	0	0	0	0	0	0	0	0	0	0	0	0	2	0	0	2	0	3
"DFCIDL004_DT"	1	0.839117453251367	0.0244364481779476	0.024607806558096	0.0874018438346423	0.0244364481779476	0	0	0	0	0	0	0	2	0	0	0	0	0	0	0	0	0	0	0	0	0	0	0	0	0	0	0	0	2	0	0	0	0	0	2	0	0	0	2	0	0	0	0	0	0	0	0	0	0	0	0	0	0	0	0	0	0	0	0	0	0	0	0	0	0	0	0	0	0	0	0	0	0	0	0	0	0	0	0	0	0	0	0	0	0	0	0	0	0	0	0	3	2	2	0	0	0	0	0	0	0	0	0	2	0	0
"DLBCL_C_D_1156_NULLPAIR"	1	0.849233153333903	0.0370085841420033	0.039370057246577	0.037155458739467	0.0372327465380499	0	0	0	0	0	0	0	0	0	0	0	0	0	0	1	0	2	0	0	0	0	0	0	0	0	0	0	0	0	0	0	0	0	0	0	0	0	0	0	0	0	0	0	0	0	0	0	0	0	0	0	0	0	0	0	0	0	0	0	0	0	0	0	0	0	0	0	0	0	0	0	0	0	0	0	0	0	0	0	0	0	0	0	0	0	0	0	0	0	0	0	0	0	0	0	0	0	0	0	0	0	0	0	0	0	3
"DLBCL_BWH_DLBCL64"	1	0.85207976798386	0.0333255663145826	0.0415590830455212	0.0333255663145826	0.0397100163414533	2	0	0	0	0	0	2	0	0	0	2	0	0	0	0	0	0	0	0	2	0	0	0	2	0	0	0	0	0	0	0	0	0	0	0	0	0	0	0	0	0	0	0	0	0	0	0	0	0	0	0	0	0	1	0	1	0	0	0	1	1	1	0	0	0	0	2	0	0	0	0	0	0	0	0	0	0	0	0	0	0	0	0	0	0	0	2	0	0	0	0	0	0	0	2	0	1	0	0	0	0	0	0	0	0	3
"DLBCL_C_D_1112_NULLPAIR"	1	0.857786184536236	0.0247204487014618	0.0266153246826481	0.0670739310178739	0.0238041110617805	0	2	0	0	0	0	0	0	0	0	0	0	0	0	0	0	0	0	0	0	0	0	0	0	0	0	0	0	0	0	0	0	0	0	0	0	0	0	0	0	1	0	0	0	0	0	0	0	0	0	0	0	0	0	0	0	0	0	0	0	0	0	0	0	1	0	0	1	0	0	0	0	0	0	0	0	1	0	0	0	0	0	0	0	0	0	0	2	0	0	0	0	0	0	0	3	0	0	0	0	2	0	0	0	0	0
"DLBCL_MC_F648_JKW"	1	0.875372951948728	0.0300215859293509	0.0337460623843303	0.0306125825075938	0.0302468172299973	0	2	0	0	2	0	0	0	0	0	0	0	0	0	0	0	0	0	0	0	0	0	0	0	0	0	0	0	0	0	0	0	0	1	0	0	0	0	0	0	0	0	0	0	0	0	1	0	1	0	0	0	1	0	0	0	1	0	0	0	0	0	0	0	0	0	0	0	0	0	0	0	0	0	0	0	0	0	0	2	0	2	0	0	0	0	0	0	0	0	0	0	0	0	0	0	1	2	0	0	0	0	0	0	0	3
"DLBCL_C_D_1158_NULLPAIR"	1	0.875503919132846	0.0303771448502696	0.0329595236843163	0.0305375066940235	0.0306219056385448	0	0	0	0	2	0	2	0	0	0	2	0	0	0	0	0	0	0	0	0	0	0	2	0	0	0	0	0	0	0	0	0	0	0	0	0	0	0	0	0	1	0	0	0	1	0	1	0	0	0	0	0	1	1	0	0	1	0	0	0	0	0	0	0	0	0	0	0	1	0	0	0	0	0	0	0	0	0	0	0	0	0	0	0	0	0	2	0	0	0	0	0	0	0	0	0	1	0	0	0	2	0	0	0	0	3
"DLBCL_RICOVER_258"	1	0.879633054864867	0.0477283678588195	0.0231473283665671	0.0258702264946134	0.0236210224151335	0	0	0	0	0	0	0	0	0	0	0	0	0	0	0	0	0	0	0	0	0	0	0	0	3	0	0	0	0	0	0	0	0	0	2	0	0	0	0	2	0	0	0	0	0	0	0	0	0	0	0	0	0	0	0	0	0	0	0	0	0	0	0	0	0	0	0	0	0	0	0	0	0	0	0	0	0	0	0	0	0	0	0	2	0	0	0	0	0	0	0	0	0	0	0	0	0	0	0	0	0	0	0	2	2	0
"DLBCL_C_D_1154_NULLPAIR"	1	0.890707339283584	0.0263551614853009	0.0287329210021567	0.0269463772693847	0.0272582009595733	0	0	0	0	0	0	0	0	0	0	0	0	0	0	0	0	0	0	0	0	0	0	0	0	0	0	2	0	0	0	0	0	0	0	0	0	0	0	0	0	0	0	0	0	0	0	1	0	0	0	0	0	0	0	0	0	1	0	0	0	0	0	0	0	0	0	0	0	0	0	0	0	0	0	0	0	0	0	0	0	0	0	0	0	0	0	0	0	0	0	0	0	0	0	0	3	1	2	0	0	0	0	0	0	0	0
"DLBCL_RICOVER_694"	1	0.894162888282585	0.0253238527262817	0.0290501589551822	0.0259142758466618	0.0255488241892898	0	0	0	0	0	0	0	0	0	0	0	0	0	0	2	0	0	0	0	0	0	0	0	0	0	0	0	0	0	0	0	0	0	0	0	0	0	0	0	0	0	0	0	0	0	0	0	0	0	0	0	0	0	0	0	0	0	0	0	0	0	0	0	0	0	0	0	0	0	0	0	0	0	0	0	0	0	0	0	0	0	0	0	0	0	0	0	0	0	0	0	0	0	0	0	0	0	0	0	0	2	0	0	0	0	3
"DLBCL_LS2367"	1	0.898340336761162	0.0228564515267735	0.0228564515267735	0.0228564515267735	0.0330903086585175	0	2	0	0	0	0	0	0	0	0	0	0	0	0	0	0	1	0	0	0	0	0	0	2	0	0	0	0	0	0	0	0	0	0	0	0	0	1	0	0	0	2	1	1	0	0	0	0	0	0	0	0	0	1	0	1	0	0	0	0	0	0	0	0	1	0	0	1	0	0	0	0	0	0	0	0	0	0	0	0	0	0	2	0	0	0	0	0	0	0	0	0	0	0	0	0	0	0	0	0	0	2	0	0	0	3
"DLBCL_LS4323"	1	0.901106627406082	0.0205325231164546	0.03637427698357	0.0205325231164546	0.0214540493774392	0	0	0	0	0	0	0	0	0	0	2	0	0	0	0	0	0	0	0	0	0	0	0	0	0	0	0	0	0	0	0	0	0	0	0	0	0	0	0	0	0	0	0	0	0	0	0	0	0	0	0	0	0	0	0	0	0	0	0	0	0	0	0	0	0	0	0	0	0	0	0	0	0	0	0	0	0	0	0	2	0	0	0	0	0	0	0	0	0	0	0	0	0	0	0	0	0	0	0	0	0	0	0	2	0	0
"DLBCL_MC_F300_TBF"	1	0.907533658440397	0.0265285482461724	0.0236731445845743	0.0210063116107318	0.0212583371181241	0	0	0	0	0	0	2	0	0	0	0	0	2	0	0	0	0	0	0	0	0	0	0	0	0	0	2	0	0	0	0	0	0	0	2	0	0	0	0	2	0	0	0	0	0	0	0	0	0	0	0	0	0	1	0	0	1	0	0	0	0	0	0	0	0	0	0	0	0	0	0	0	0	0	0	0	0	0	0	0	0	0	0	0	0	0	2	2	0	3	1	0	0	0	0	0	1	0	2	0	0	0	0	0	2	0
"DLBCL_C_D_1128_NULLPAIR"	1	0.908636746829374	0.0220450747298249	0.024415059643415	0.0226337694624742	0.0222693493349121	0	0	0	0	0	0	0	0	0	0	0	0	0	0	0	0	0	0	0	0	0	0	0	0	0	0	0	0	0	0	0	0	0	0	0	0	0	0	0	0	0	0	0	0	0	0	0	0	0	0	0	0	0	0	0	0	0	0	0	0	0	0	0	0	0	0	0	0	0	0	0	0	0	0	0	0	0	0	0	0	0	0	0	0	0	0	0	0	0	0	0	0	0	0	0	0	0	0	0	0	0	2	0	0	0	3
"DLBCL_C_D_1123_NULLPAIR"	1	0.908847306377665	0.0223970777320942	0.023533653811961	0.0227933912214029	0.0224285708568769	0	0	0	0	2	0	0	1	0	0	0	0	0	0	0	0	1	0	0	0	0	0	0	0	0	0	0	0	0	0	0	0	0	0	0	0	0	0	0	0	0	0	0	0	0	0	0	0	1	0	1	0	0	0	0	0	1	0	0	0	1	0	1	0	0	0	0	0	0	0	0	0	0	0	1	0	0	0	0	0	0	0	0	2	0	0	0	0	0	0	0	3	2	0	0	0	1	2	0	2	0	0	0	0	0	3
"DLBCL_RICOVER_1150"	1	0.910933563886107	0.0205419594771206	0.0258983286896266	0.0218614387091143	0.0207647092380317	0	0	0	0	0	0	0	1	0	0	0	0	2	0	0	0	0	0	0	0	0	0	0	0	0	0	2	2	0	0	0	0	0	0	0	0	0	1	0	0	0	0	0	1	0	0	0	0	0	0	1	0	0	0	0	0	1	0	0	0	0	0	0	0	0	0	0	0	0	0	0	0	1	0	0	0	1	0	0	0	0	0	0	0	0	0	0	0	0	0	0	3	0	0	0	0	1	0	0	0	0	2	0	0	0	3
"DLBCL_MC_F139_AD"	1	0.918384488305311	0.020142850333275	0.0202894443307393	0.020142850333275	0.0210403666973993	0	0	0	2	2	0	2	2	0	2	0	0	0	2	0	0	0	0	0	0	0	0	0	0	0	0	0	0	0	0	0	0	0	0	0	0	0	0	0	0	0	0	0	0	0	0	0	0	0	0	0	0	0	0	0	0	0	0	0	0	0	0	0	1	0	0	0	0	0	0	0	0	0	0	0	0	0	0	0	2	0	0	0	0	0	2	0	0	0	0	0	0	2	2	0	0	1	2	0	0	0	0	0	0	0	3
"DLBCL_RICOVER_1144"	1	0.921264055110694	0.018659905761868	0.0209063972322795	0.0186126436721894	0.0205569982229691	2	2	0	2	0	0	0	0	0	0	0	0	0	0	0	0	0	0	0	0	0	0	0	0	0	0	0	2	0	0	0	0	0	0	0	0	0	0	0	2	0	0	1	0	0	0	0	0	0	0	1	0	0	0	0	0	0	0	0	0	0	0	0	0	0	0	0	0	0	0	0	0	0	0	0	0	0	0	0	0	0	0	0	0	0	0	0	0	0	0	0	0	0	0	0	0	0	2	2	0	0	0	0	2	0	3
"DLBCL_C_D_1146_NULLPAIR"	1	0.921588328118558	0.0172778202805887	0.0172778202805887	0.0172778202805887	0.0265782110396758	0	0	0	0	2	0	0	0	0	0	0	0	0	0	1	0	0	0	0	0	0	0	0	2	0	0	0	0	0	0	0	0	0	0	0	0	1	0	0	0	0	0	0	0	0	0	0	0	0	0	0	0	0	0	0	0	0	0	1	0	0	0	0	0	0	0	2	1	1	0	0	0	0	0	0	0	0	0	0	0	0	0	0	0	0	0	0	0	0	0	0	0	0	2	0	3	0	0	0	0	0	1	2	0	0	0
"DLBCL_RICOVER_826"	1	0.927244486455629	0.0174024699326688	0.0197456438807995	0.0179836082712244	0.0176237914596785	0	0	0	0	0	0	0	0	2	2	0	0	0	0	0	0	0	0	0	2	0	0	2	0	0	0	0	0	0	0	0	0	0	0	0	1	2	0	0	0	0	2	0	0	0	0	0	0	0	0	0	0	0	0	0	0	0	0	0	0	0	0	0	1	1	0	0	1	0	0	0	1	0	0	0	0	0	0	1	0	2	0	0	0	0	0	0	0	0	0	0	0	0	2	0	0	0	0	0	2	2	0	0	0	0	3
"DLBCL_C_D_1114_NULLPAIR"	1	0.929145615815166	0.0170368496601044	0.019377926207023	0.0171816771245862	0.0172579311931208	2	0	0	0	0	0	0	0	0	0	0	0	0	0	0	0	2	0	0	0	0	0	0	0	0	0	1	0	0	0	0	0	0	0	0	0	0	0	0	2	0	0	1	0	0	0	0	0	0	0	1	0	0	0	0	0	1	0	0	0	0	0	0	0	0	0	0	0	0	0	0	0	0	0	0	0	0	0	0	0	0	0	0	0	0	0	0	0	0	0	0	0	0	0	2	0	2	0	2	0	0	2	0	0	0	3
"DFCIDL001_DT"	1	0.929238582237539	0.0171822649974763	0.0184432665048619	0.0177408714749831	0.0173950147851398	0	0	0	0	0	0	2	0	0	0	0	0	0	0	0	0	0	0	0	2	0	0	0	0	0	0	1	0	0	0	0	0	0	0	0	0	0	0	0	0	0	0	0	0	0	0	0	0	0	0	0	0	0	0	0	0	0	0	1	0	0	0	0	0	0	0	2	0	1	1	1	0	0	0	0	0	0	0	0	0	0	0	2	0	0	0	0	0	0	0	0	3	0	0	0	0	0	0	0	0	2	0	0	2	0	3
"DLBCL_RICOVER_829"	1	0.929453296436554	0.0169321071752585	0.0193695792293005	0.0170828280783931	0.0171621890804941	0	0	0	1	2	0	0	1	0	0	0	0	0	0	0	0	0	0	0	0	0	0	0	0	0	0	2	1	0	0	0	0	0	2	0	0	0	0	2	2	0	0	0	0	0	0	0	0	1	0	0	0	0	1	0	0	1	0	0	0	2	0	0	0	0	0	0	0	0	0	0	0	0	0	0	0	0	0	0	2	0	0	0	0	0	0	0	0	0	0	0	0	2	2	0	0	1	0	2	0	2	0	0	0	2	3
"DLBCL_RICOVER_473"	1	0.931310137396032	0.0163891241032705	0.0187234355004917	0.0169678117855627	0.0166094912146431	0	0	0	0	2	0	0	0	0	0	0	0	0	0	2	0	0	0	0	0	0	0	0	0	0	0	0	2	0	0	0	0	0	0	0	0	0	0	0	0	1	0	1	0	0	0	0	0	0	0	1	0	0	0	0	0	1	0	0	0	0	0	0	1	1	0	0	0	0	0	0	0	0	0	0	0	0	0	0	0	0	0	0	0	0	0	2	0	0	0	0	0	0	0	0	0	1	0	2	2	0	0	0	2	2	0
"DFCIDL010_DT"	1	0.933407074144254	0.015866645489432	0.0181958790355047	0.0164439335195952	0.0160864678112144	0	0	0	0	0	2	0	0	0	0	2	0	0	0	0	0	0	0	0	0	0	0	0	0	0	0	0	0	0	0	0	0	0	0	0	0	0	0	0	0	0	0	0	0	0	0	0	0	0	0	0	0	0	1	0	0	0	0	0	0	0	0	0	0	1	0	0	0	0	0	0	0	0	0	0	0	0	0	0	0	0	0	0	0	0	0	0	0	0	0	0	0	2	0	0	0	0	2	0	0	2	0	0	0	0	3
"DLBCL_LS3809"	1	0.934541801883533	0.013379725362771	0.0133320961834728	0.023448525642081	0.0152978509281421	0	0	0	0	0	0	0	0	0	0	0	0	0	0	0	0	0	0	0	0	0	0	0	0	0	0	0	0	0	0	0	0	0	0	2	0	2	1	0	0	0	2	0	1	0	0	0	0	0	0	0	0	0	0	0	1	0	0	0	0	0	0	0	0	0	0	0	0	0	0	0	0	0	0	0	0	1	0	0	0	0	0	0	0	0	0	0	0	0	0	0	0	0	0	0	0	0	0	0	0	2	0	0	0	0	3
"DLBCL_RICOVER_181"	1	0.938006811361063	0.0141776229598384	0.0179569585648235	0.0147721486976063	0.0150864584166691	0	0	0	0	0	0	1	0	0	0	0	0	0	0	0	0	0	2	0	0	0	0	0	2	3	0	2	0	0	0	0	0	0	0	0	0	2	1	0	0	0	2	1	1	0	0	0	0	0	0	0	0	0	0	0	1	1	0	0	0	0	0	0	0	0	0	0	0	0	0	0	0	0	0	0	0	0	0	0	0	0	0	0	0	0	0	2	0	0	0	0	0	0	0	0	0	1	0	0	2	0	0	0	0	2	3
"DLBCL_RICOVER_451"	1	0.939140100309689	0.0147992123735995	0.0149485053482105	0.0153978713374862	0.0157143106310144	0	0	0	0	0	0	0	0	0	0	0	0	0	0	0	0	0	2	0	0	0	0	0	0	0	0	0	0	2	0	0	0	0	0	0	0	0	0	0	0	0	0	1	0	0	0	0	0	0	0	0	0	1	1	0	2	0	0	0	0	0	0	0	0	0	0	0	0	0	0	0	0	0	0	0	0	0	0	0	0	0	2	0	0	0	0	0	0	0	0	0	0	0	0	0	0	0	2	0	2	0	2	0	2	2	0
"DLBCL_MC_F262_WLC"	1	0.939216107257729	0.0144199359608539	0.016733105573812	0.0149928100433768	0.0146380411642283	0	0	0	0	0	0	0	0	0	0	0	0	0	0	0	0	0	2	0	0	0	0	2	0	0	0	0	0	0	1	0	0	0	0	0	0	0	0	0	0	0	0	0	0	0	0	0	0	0	0	0	0	0	0	0	0	0	0	0	0	0	0	0	0	0	0	0	0	1	0	0	0	0	0	0	0	0	0	0	0	0	0	0	0	0	0	0	0	0	0	0	0	2	2	0	0	0	0	0	2	0	0	0	0	0	3
"DLBCL_LS2978"	1	0.940017154447897	0.0141297716566269	0.0165349798661105	0.0142782236347388	0.0150398703946262	0	0	0	0	0	0	2	0	0	0	0	0	0	0	2	0	0	0	0	0	0	0	0	0	0	0	0	0	0	0	0	0	0	0	0	0	2	0	0	2	0	0	0	0	0	0	0	0	0	0	1	0	0	0	1	1	0	0	0	0	0	0	0	0	0	0	2	0	0	0	1	0	0	0	0	0	0	0	0	2	0	0	0	0	0	0	0	0	0	0	0	0	0	2	0	3	0	0	0	0	2	2	2	0	0	3
"DLBCL_RICOVER_865"	1	0.940778938247627	0.0140309085038903	0.0163392105686485	0.0146024479791781	0.0142484947006562	0	0	0	0	0	2	0	2	0	0	0	0	0	0	0	0	0	0	0	0	0	0	0	1	0	0	0	0	0	0	0	0	0	0	0	0	2	0	0	0	1	0	1	0	1	0	0	0	0	0	0	0	1	0	0	0	0	0	0	0	1	0	0	0	0	1	0	0	0	0	0	0	0	0	0	0	0	0	1	0	0	0	0	0	0	0	0	0	0	0	0	3	0	0	0	0	0	0	2	2	2	0	0	0	2	3
"DLBCL_MAYO_DLBCL_5613"	1	0.941464161189795	0.0135331601406667	0.017150687665024	0.0141022075763366	0.0137497834281775	0	0	0	0	0	2	0	0	0	0	0	0	0	0	0	0	0	0	0	0	0	0	0	0	0	0	0	0	0	0	0	0	0	0	0	0	0	0	0	0	1	0	0	0	0	0	0	0	0	0	0	0	0	0	0	1	1	0	0	0	0	0	0	0	0	0	0	0	0	0	0	0	0	0	0	0	0	0	0	0	0	0	0	0	0	0	0	0	0	0	0	0	0	0	0	0	1	0	2	0	0	2	0	0	2	3
"DLBCL_LS4394"	1	0.942259096999171	0.0132900681393507	0.0170540068139457	0.0138816034709866	0.0135152245765461	0	0	0	1	0	0	0	0	0	0	0	0	0	0	0	0	0	0	0	0	0	0	0	0	0	0	0	0	0	0	0	0	0	0	0	0	0	0	0	0	0	0	0	0	0	0	0	0	0	0	1	0	0	0	0	1	1	0	0	0	0	0	0	0	0	0	1	0	0	0	0	0	0	0	0	0	0	0	1	2	0	0	0	0	0	0	2	0	2	0	0	0	0	0	0	0	1	0	2	0	2	0	0	2	0	3
"DLBCL_LS378"	1	0.943728755338371	0.0134029163312649	0.0157037255822075	0.0135449104402915	0.0136196923078651	0	0	0	0	0	0	1	0	0	0	0	0	0	0	0	0	2	0	0	0	0	0	0	0	0	0	0	0	0	0	0	0	0	0	0	0	0	0	0	2	0	0	1	0	0	0	0	0	0	0	1	0	0	0	0	0	1	0	1	0	0	0	0	0	0	0	0	0	0	0	0	0	0	0	0	0	0	0	0	0	0	2	0	0	0	0	2	0	0	0	0	0	0	0	0	0	1	0	2	2	2	0	2	0	0	3
"DLBCL_MC_F132_MLM"	1	0.943954119724777	0.0134926422345613	0.0147808234641136	0.0140627482532387	0.0137096663233097	0	0	0	0	0	0	0	0	0	0	0	0	0	0	0	0	0	0	0	0	2	0	2	0	0	0	0	2	0	0	0	0	0	0	0	0	2	0	0	2	0	0	0	0	0	0	0	0	0	0	1	0	0	0	0	0	0	0	0	0	0	0	0	0	0	0	0	0	0	0	0	0	0	0	0	0	0	0	0	0	0	0	0	0	0	0	0	0	0	0	0	0	0	0	2	0	0	0	0	0	0	0	2	2	2	3
"DLBCL_C_D_1129_NULLPAIR"	1	0.945194441124021	0.0133234292662813	0.0144223387950325	0.0137059867939633	0.0133538040207023	0	0	0	0	0	0	0	0	0	0	0	0	0	0	0	0	0	0	0	0	0	0	0	0	3	0	0	0	0	0	0	0	0	0	0	0	0	1	0	0	0	0	0	1	0	0	0	0	0	0	0	0	0	0	0	0	0	0	0	0	0	0	0	0	1	0	0	0	0	0	0	0	0	0	0	0	0	0	0	0	0	0	2	0	0	0	0	0	0	0	0	3	0	2	0	0	0	2	0	2	0	0	0	0	0	3
"DLBCL_C_D_1155_NULLPAIR"	1	0.945511144171142	0.0129591913876129	0.015253634872748	0.0131007397084646	0.0131752898600324	0	0	0	0	0	0	0	0	0	0	0	0	0	0	0	0	0	0	0	0	0	0	0	0	0	0	0	0	0	0	0	0	0	0	0	0	0	0	0	0	0	0	0	0	0	0	0	0	0	0	0	0	0	0	0	0	1	0	0	0	0	0	0	0	0	0	2	0	0	0	0	0	0	0	0	0	0	0	0	0	0	0	0	0	0	0	0	0	0	0	0	0	0	0	2	0	1	0	2	0	0	2	0	0	0	3
"DLBCL_C_D_1130_NULLPAIR"	1	0.946223846129112	0.0130332944776141	0.0143181032631699	0.0131750489209999	0.0132497072091046	0	0	0	0	0	0	0	0	0	0	0	0	0	0	2	0	0	0	0	0	0	0	0	0	0	0	0	0	2	0	0	0	0	0	0	0	2	0	0	0	0	0	0	0	0	0	0	0	0	0	1	0	0	0	0	0	0	0	0	0	0	0	0	1	1	0	0	0	0	0	1	1	1	0	0	0	0	0	0	0	0	2	0	0	0	0	1	0	0	0	0	0	2	0	2	3	0	0	0	0	0	2	2	2	0	3
"DLBCL_LS1757"	1	0.948844036617119	0.0120247785022896	0.014303679485711	0.0125882698155382	0.0122392355793425	0	0	0	0	0	0	0	0	0	0	0	0	0	0	0	0	0	2	0	0	0	0	0	2	0	0	0	0	0	0	0	0	0	0	0	0	0	0	0	2	0	0	0	0	0	0	0	0	0	0	0	0	0	0	0	0	0	0	0	0	0	0	0	1	1	1	0	0	0	0	1	1	1	0	0	0	0	0	1	0	0	0	0	0	0	0	2	0	0	0	0	0	0	0	0	3	0	2	0	0	0	2	2	0	2	3
"DLBCL_RICOVER_977"	1	0.955189205043838	0.0107992573810401	0.0120615542442317	0.0109383534159532	0.0110116299149376	0	0	0	0	0	0	2	0	0	0	2	0	0	2	0	0	0	0	0	0	0	0	0	0	0	0	2	0	2	0	0	0	0	0	0	0	0	0	0	2	0	0	0	0	0	0	0	0	0	0	0	0	0	0	0	1	0	0	0	0	0	0	0	0	0	0	0	0	0	0	0	0	0	0	0	0	0	0	0	0	0	0	0	0	0	0	0	0	0	0	0	0	0	2	0	0	0	0	0	2	0	2	2	2	2	3
"DLBCL_RICOVER_290"	1	0.960341073690889	0.00941397500950184	0.0106581148379077	0.0099637452308409	0.00962309123086087	0	0	0	0	0	0	2	0	0	0	0	0	0	0	0	0	0	0	0	0	0	0	0	0	0	0	0	0	0	1	0	0	0	0	0	0	0	0	0	2	0	0	0	0	0	0	0	0	0	0	0	0	0	0	0	0	0	0	0	0	0	0	0	0	0	1	1	0	0	0	0	0	0	0	0	0	0	0	0	0	0	0	0	0	0	0	0	0	1	0	0	0	1	2	0	0	0	2	0	0	0	2	2	2	0	3
"DLBCL_MC_F927_JHS"	2	0.191509993388972	0.232124145778541	0.193345874054543	0.191509993388972	0.191509993388972	0	0	0	0	0	0	0	0	0	0	0	0	0	0	0	0	0	0	0	0	0	0	0	0	0	0	0	0	0	0	0	0	0	0	0	0	0	0	0	0	0	0	0	0	0	0	0	0	0	1	0	0	0	0	0	0	0	0	0	0	0	0	0	0	0	0	0	0	0	0	0	0	0	0	0	0	0	0	0	0	0	0	0	0	0	0	0	0	0	0	0	0	0	0	0	0	0	0	0	0	0	0	0	0	0	0
"DLBCL_RICOVER_111"	2	0.0315535740127055	0.542975339419592	0.0281092912322081	0.369404121609376	0.0279576737261181	0	0	0	0	0	0	0	0	0	0	0	0	0	0	0	0	0	0	0	0	0	0	0	0	0	0	0	0	0	0	0	0	0	0	0	0	0	1	0	0	0	1	0	1	0	0	0	0	0	0	0	0	0	0	1	0	1	0	0	0	0	0	0	0	0	0	1	0	0	0	0	0	0	0	0	0	0	0	0	0	0	0	2	0	0	0	2	0	0	0	0	0	2	0	0	0	1	0	0	0	0	0	0	0	0	0
"DLBCL_RICOVER_978"	2	0.0286904569784112	0.608526322544148	0.026112893405321	0.026112893405321	0.310557433666799	2	0	0	0	2	0	0	0	0	0	0	2	0	0	0	0	0	0	0	0	0	0	0	0	0	0	0	0	0	0	0	0	0	0	0	1	2	0	0	0	0	0	0	0	0	0	0	1	0	0	1	0	0	0	0	0	0	0	0	2	2	0	0	0	0	0	1	0	0	0	0	0	0	0	0	0	0	0	0	0	0	0	2	2	0	0	2	0	2	0	0	0	0	2	0	0	0	2	0	2	0	0	0	2	2	0
"DLBCL_RICOVER_216"	2	0.0440854048778035	0.648517747191571	0.0440854048778035	0.219226038175019	0.0440854048778035	0	0	0	0	0	0	0	0	0	0	0	0	0	0	0	0	0	0	0	0	0	0	0	0	0	0	0	0	0	0	0	0	0	0	0	0	0	1	0	0	0	0	0	1	0	0	0	0	0	0	0	0	0	0	0	0	0	0	0	0	0	0	0	0	0	0	0	0	0	0	0	0	0	0	0	0	0	0	0	0	0	2	0	0	0	0	0	0	0	0	0	0	0	0	0	0	0	0	0	0	0	0	0	0	0	0
"DLBCL_RICOVER_197"	2	0.0581300478975617	0.738195087268833	0.0581300478975617	0.0581300478975617	0.0874147690384823	0	0	2	0	0	0	0	0	2	0	0	0	0	0	0	0	0	0	0	0	0	0	0	0	0	0	0	0	0	0	0	0	0	0	0	0	0	0	0	0	0	0	0	0	0	0	0	0	0	0	0	0	0	0	0	0	0	0	0	2	0	0	0	0	1	0	0	1	0	0	0	0	0	0	0	0	0	0	0	0	0	0	0	2	0	0	0	0	0	0	0	0	0	0	0	0	0	0	0	0	0	0	0	0	0	0
"DLBCL_RICOVER_320"	2	0.0414229698384217	0.826547309657653	0.0491837808270822	0.0414229698384217	0.0414229698384217	0	0	0	0	0	0	0	0	0	0	0	0	0	0	0	0	0	0	0	0	0	0	0	0	0	0	0	0	0	0	0	0	0	0	0	0	0	0	0	0	0	0	0	0	0	0	0	0	0	0	0	0	0	0	1	0	0	0	0	0	0	0	0	0	0	0	0	0	0	0	0	0	0	0	0	0	1	0	0	0	0	0	0	0	0	2	0	0	0	0	0	0	0	0	0	0	0	0	0	0	0	0	0	0	0	0
"DLBCL_C_D_1162_NULLPAIR"	2	0.0288515905854932	0.855366936196457	0.0579169288837668	0.0290129537487894	0.0288515905854932	0	2	0	0	0	0	0	1	0	0	0	0	0	0	0	0	0	0	0	0	0	0	0	0	0	2	0	0	0	0	0	0	0	0	0	0	1	0	0	0	0	0	0	0	0	0	0	0	0	0	1	0	0	0	0	0	0	0	0	0	0	0	0	0	0	0	0	0	0	0	0	0	0	1	0	0	0	0	0	0	0	0	0	0	2	0	2	0	0	0	0	0	0	0	0	0	0	0	0	0	0	0	0	0	0	0
"DLBCL_LS762"	2	0.0320755922173632	0.869080480171566	0.0345396371484325	0.0322286982452755	0.0320755922173632	0	2	0	0	0	0	0	0	0	0	0	0	0	0	0	0	0	0	0	0	0	0	0	0	0	0	0	0	0	0	0	0	0	0	0	0	0	1	0	0	0	0	0	1	0	0	0	0	0	0	0	0	0	0	0	0	0	0	0	0	0	0	0	0	0	0	0	0	0	0	0	0	0	0	0	0	0	0	0	0	0	0	0	0	0	0	0	2	0	0	0	0	0	0	0	0	0	0	0	0	0	0	0	0	0	0
"DLBCL_RICOVER_208"	2	0.0300379685227046	0.87404619033304	0.0358399040988465	0.0300379685227046	0.0300379685227046	0	0	0	0	0	2	0	0	0	0	0	0	0	0	0	0	0	0	0	0	0	0	0	0	0	0	0	0	0	0	0	0	0	0	0	0	0	0	0	0	0	0	0	0	1	0	1	0	0	0	1	1	0	0	1	0	0	1	1	0	0	1	0	0	1	0	0	1	1	0	0	0	0	0	0	1	0	0	1	2	0	2	0	0	0	0	0	0	0	3	1	0	0	0	0	0	0	0	0	0	0	0	0	0	0	0
"DLBCL_LS3615"	2	0.0278652358403683	0.888017694119164	0.0280130853590667	0.0280130853590667	0.0280908993223339	0	0	0	0	0	0	0	0	0	0	0	0	0	0	0	0	0	0	0	0	0	0	0	0	0	0	0	0	2	0	0	0	0	0	0	0	0	0	0	0	0	0	0	0	0	0	0	0	0	0	0	0	0	0	0	0	0	0	0	0	0	0	0	0	1	0	0	0	0	0	0	0	0	0	0	0	0	0	0	0	0	0	2	2	0	0	0	0	0	0	0	0	0	0	0	0	0	0	0	0	0	0	0	0	0	0
"DLBCL_LS4593"	2	0.0261435680841492	0.892345454554812	0.0286105807306269	0.0267568285462627	0.0261435680841492	2	0	0	0	0	0	0	0	0	0	0	0	0	0	0	0	0	0	0	0	0	0	2	0	0	0	2	0	0	0	0	0	0	0	0	0	0	0	0	0	0	0	0	0	1	0	0	0	0	0	0	0	0	0	0	1	0	0	1	1	1	0	0	0	0	0	0	0	0	0	0	0	0	0	0	0	0	1	0	0	0	0	0	0	0	0	0	0	2	3	0	0	0	0	0	0	0	0	0	0	0	0	0	0	0	0
"DLBCL_RICOVER_463"	2	0.024743214218487	0.899186483933485	0.0261817595535862	0.0249023802536977	0.0249861620407446	0	0	0	0	0	0	0	0	0	0	0	0	0	0	0	0	0	0	2	0	0	0	0	0	3	0	0	0	0	0	0	0	0	0	0	0	0	0	0	0	0	0	0	0	0	0	0	0	0	0	0	0	0	0	0	0	1	0	0	0	0	0	0	0	1	0	1	0	0	0	0	0	0	0	0	0	0	0	0	0	0	0	0	0	0	2	0	0	2	0	0	0	0	0	0	0	1	0	0	0	0	0	0	0	0	0
"DLBCL_RICOVER_1046"	2	0.0218876290251337	0.901614986668478	0.0327221262561213	0.0218876290251337	0.0218876290251337	0	0	0	0	0	0	0	0	0	0	0	0	0	0	0	0	0	0	0	0	0	0	0	0	0	0	2	0	0	0	0	0	0	0	0	0	0	1	0	0	0	0	0	1	1	0	1	0	0	0	1	0	0	0	0	0	0	0	1	0	1	0	0	0	0	1	0	1	1	1	0	0	0	1	0	0	0	0	1	2	0	0	0	0	0	0	2	0	2	3	0	0	0	0	0	0	0	0	0	0	0	0	0	0	0	0
"DLBCL_LS4619"	2	0.0218771545841872	0.904076013191819	0.0301286679180237	0.0220410097217835	0.0218771545841872	2	2	0	0	0	0	0	0	0	0	0	0	0	0	0	0	0	0	0	0	0	0	0	0	0	0	1	2	0	0	0	0	0	0	0	0	0	0	0	0	0	0	0	0	0	0	0	0	0	0	0	0	0	0	0	0	0	1	0	0	0	0	0	0	0	1	1	0	0	0	1	0	0	0	0	1	0	0	0	0	0	0	0	0	0	0	0	0	0	3	2	0	0	0	0	0	0	0	0	0	0	0	0	0	0	0
"DLBCL_RICOVER_440"	2	0.0210652975956185	0.908125048926256	0.0286790582868883	0.0210652975956185	0.0210652975956185	0	2	0	0	0	0	0	0	0	0	0	0	0	0	0	0	0	0	0	0	0	0	0	0	0	1	0	0	0	0	0	0	0	1	0	0	0	0	0	0	0	0	0	0	1	0	0	0	2	2	0	0	0	0	0	0	0	1	0	2	2	0	1	0	0	0	1	0	0	1	0	0	0	0	1	1	0	0	0	2	0	2	2	0	0	0	2	0	0	3	2	0	0	0	0	0	0	0	0	0	0	0	0	0	0	0
"DLBCL_C_D_1113_NULLPAIR"	2	0.0208481280714671	0.910438067582096	0.0264105387570073	0.0214551375179625	0.0208481280714671	0	0	0	0	0	0	0	0	0	0	0	0	0	0	0	0	0	0	0	0	0	0	0	0	0	0	0	0	0	0	0	0	0	0	0	0	0	0	0	0	0	0	0	0	0	0	0	0	0	0	0	0	0	0	0	0	0	0	0	0	0	0	0	0	0	0	1	1	0	0	0	0	0	0	0	0	0	0	0	0	0	0	0	2	0	2	0	2	0	0	0	0	0	0	0	0	0	0	0	0	0	0	0	0	0	0
"DLBCL_RICOVER_1283"	2	0.0205595012171628	0.911595448978806	0.026119443034484	0.0211661055523842	0.0205595012171628	0	0	0	0	0	0	0	0	0	1	0	0	0	0	0	0	0	0	0	0	0	0	0	0	0	0	0	0	0	0	0	0	0	0	0	0	0	0	0	0	0	0	0	0	0	0	1	0	0	0	1	0	0	0	0	0	0	0	0	0	1	0	2	0	0	0	0	0	0	0	0	0	0	0	0	0	0	0	0	0	2	0	0	0	0	0	0	0	2	3	2	0	0	0	0	0	0	0	0	0	0	0	0	0	0	0
"DLBCL_RICOVER_269"	2	0.0186051126071801	0.920037399277208	0.0241472629012517	0.0186051126071801	0.0186051126071801	0	0	0	0	0	2	0	0	0	0	0	0	0	0	0	0	0	0	0	0	0	0	0	2	0	0	0	0	0	0	0	0	0	0	0	0	1	1	0	0	0	0	1	1	0	0	0	0	0	0	1	1	0	1	0	1	1	0	0	0	0	0	0	1	0	0	0	1	0	0	0	0	0	0	0	0	0	0	0	0	0	0	0	0	0	0	0	0	2	3	2	0	0	0	0	0	1	0	0	0	0	0	0	0	0	0
"DLBCL_MAYO_DLBCL_234"	2	0.0194679845222836	0.920440851434656	0.0200754385290216	0.0196195559566159	0.0203961695574232	1	2	0	0	0	0	0	0	0	0	0	1	0	0	0	0	2	0	0	0	0	0	0	0	0	0	0	2	0	0	0	0	0	0	2	0	0	0	0	0	0	0	0	0	0	0	0	0	0	0	0	0	0	0	0	0	0	0	0	0	0	0	0	0	0	0	2	0	0	0	0	0	0	0	0	0	0	0	0	0	2	0	0	0	0	0	2	0	2	0	0	0	0	0	0	0	0	0	0	2	0	0	0	0	0	0
"DLBCL_LS2305"	2	0.0181744879197927	0.921166360233806	0.0237077352697806	0.0187769286568275	0.0181744879197927	0	0	2	0	0	0	0	2	0	0	0	1	0	0	0	0	0	0	0	0	0	0	0	0	0	0	2	0	0	0	0	0	0	0	0	0	2	0	0	0	0	0	0	0	1	0	0	0	0	0	1	1	0	0	0	0	1	0	1	1	0	0	0	0	1	0	1	0	0	0	0	0	0	0	0	0	0	0	1	0	0	0	2	0	0	2	0	2	0	3	2	0	0	0	0	0	1	2	0	0	0	0	0	0	0	0
"DLBCL_MC_F362_MJB1"	2	0.0181241157671971	0.921368648026546	0.0236566688829401	0.0187264515561197	0.0181241157671971	0	0	0	0	0	0	0	0	2	0	0	0	0	0	0	0	0	0	0	0	0	0	0	0	0	0	0	0	0	0	0	0	0	0	0	0	2	0	0	0	0	2	0	0	0	0	0	0	0	0	1	0	1	0	0	0	0	0	1	0	0	0	1	0	0	0	0	1	0	0	0	0	0	0	0	1	0	0	1	0	0	0	0	0	0	0	2	0	2	3	0	0	0	0	0	0	0	0	0	0	0	0	0	0	0	0
"DLBCL_MC_F349_BJJ"	2	0.0170891005356337	0.92552662222372	0.0226060701465817	0.0176891065584308	0.0170891005356337	0	0	0	0	0	0	0	0	0	0	0	0	0	0	0	0	0	0	0	0	0	0	0	0	0	0	0	0	2	0	0	0	0	0	0	0	0	0	0	0	0	0	0	0	0	0	0	0	0	1	0	0	0	0	0	0	0	0	1	0	0	0	0	0	0	1	0	0	0	0	0	0	0	0	0	0	0	0	0	0	0	0	0	0	2	0	0	2	2	3	2	0	0	0	0	0	0	0	0	0	0	0	0	0	0	0
"DLBCL_LS2325"	2	0.0147403169891283	0.933230529213591	0.0225485198190242	0.0147403169891283	0.0147403169891283	0	0	0	0	0	0	0	2	0	0	0	0	0	0	0	0	0	0	0	0	0	0	0	0	0	0	0	0	0	0	0	0	0	0	0	0	0	1	0	0	0	0	0	1	0	0	0	0	0	0	0	0	0	1	0	0	0	0	1	0	0	0	0	0	1	1	0	0	0	1	1	1	1	1	0	0	0	0	0	0	0	2	0	1	2	0	0	0	0	3	2	0	2	0	0	0	1	0	0	0	0	0	0	0	0	0
"DLBCL_LS3820"	2	0.015729216560426	0.934070915403379	0.0181433317947935	0.016327319680975	0.015729216560426	0	0	0	0	2	0	0	0	0	0	0	0	0	0	0	0	0	0	0	0	0	0	0	0	0	0	0	0	0	1	0	0	0	0	0	0	0	0	0	0	0	0	0	0	0	0	0	0	0	0	0	0	0	0	0	0	0	0	0	0	0	0	0	0	0	0	1	0	0	0	0	0	0	0	0	0	0	0	0	0	0	0	0	0	0	0	0	0	0	3	2	0	0	0	0	0	0	0	0	0	0	0	0	0	0	0
"DFCIDL009_DT"	2	0.0156067314999859	0.93456252379862	0.0180195395685035	0.0162044736329045	0.0156067314999859	0	0	0	0	0	0	0	0	0	0	0	0	0	0	0	0	0	0	0	0	0	0	0	0	3	0	0	0	0	0	0	0	0	0	0	0	0	0	0	0	0	0	0	0	0	0	0	0	0	0	0	0	0	1	0	0	1	0	1	0	0	0	0	0	1	0	1	0	0	0	0	0	0	0	0	0	1	0	0	0	0	0	0	0	0	2	0	0	2	0	1	0	0	0	0	0	1	0	0	0	0	0	0	0	0	0
"DLBCL_C_D_1133_NULLPAIR"	2	0.0146722308436952	0.935248336397393	0.0201418589531342	0.0152653429620826	0.0146722308436952	0	0	0	0	0	0	0	0	0	0	0	0	0	0	0	0	0	0	0	0	0	0	0	0	0	0	1	0	0	0	0	0	0	0	0	0	0	1	0	0	0	0	1	1	0	0	0	0	0	0	1	0	0	1	0	0	0	0	1	0	0	0	0	0	0	0	0	1	0	0	0	0	0	0	0	0	0	0	1	0	0	0	0	0	0	0	2	0	0	3	2	0	0	1	0	0	0	0	0	0	0	0	0	0	0	0
"DLBCL_LS2599"	2	0.0143675883861196	0.935319274444638	0.0150339562397078	0.0143675883861196	0.0209115925434146	0	0	0	0	0	0	0	0	2	0	0	0	0	2	0	2	0	0	0	0	0	0	0	0	0	0	0	0	0	0	0	0	0	0	0	0	0	0	0	0	0	0	1	0	0	0	0	0	0	1	0	0	0	0	0	0	1	0	0	0	1	1	0	0	0	0	0	0	0	0	0	0	0	0	0	0	0	0	0	0	0	0	2	0	0	2	0	0	0	3	2	0	0	0	0	0	1	0	0	0	0	2	0	0	0	0
"DLBCL_LS2245"	2	0.0152169669845547	0.935490039844499	0.0188590592018373	0.0152169669845547	0.0152169669845547	0	0	0	0	0	0	0	0	0	0	0	0	0	0	0	0	0	2	0	0	0	0	0	2	0	1	0	0	0	0	0	0	0	0	0	0	1	0	0	0	1	0	0	0	0	0	0	0	0	0	0	1	1	1	0	0	0	0	0	0	1	0	0	0	1	1	1	0	0	0	1	1	1	0	0	0	0	0	1	0	0	0	0	0	0	0	2	0	2	3	2	0	0	0	0	0	0	0	0	0	0	2	0	0	0	3
"DLBCL_LS297"	2	0.0145956863994542	0.935556550878459	0.0200635338541216	0.0151885424685109	0.0145956863994542	0	0	0	0	2	0	0	0	0	0	0	0	0	0	2	0	0	0	0	0	2	0	0	0	0	0	0	0	0	1	0	0	0	0	0	0	0	0	0	0	0	0	0	0	1	0	0	0	0	1	0	0	0	0	0	0	0	0	1	0	0	0	0	0	1	0	0	0	0	0	0	0	0	0	0	0	0	0	0	0	0	2	2	0	0	0	0	2	2	3	2	0	0	0	0	0	0	0	0	0	0	0	0	0	0	0
"DLBCL_RICOVER_384"	2	0.0146186200587618	0.935832878100016	0.0203112617236985	0.0146186200587618	0.0146186200587618	0	0	0	0	0	0	0	0	0	0	0	2	0	0	0	0	0	0	0	0	0	0	0	0	0	0	0	0	0	0	0	0	0	0	0	0	0	0	0	0	0	0	0	0	1	0	1	0	0	0	0	0	0	0	0	1	0	0	1	0	0	1	0	0	1	0	1	0	0	1	1	1	1	1	1	1	0	0	0	0	0	0	2	0	2	2	2	0	2	0	2	0	0	0	0	0	0	0	0	0	0	0	0	0	0	0
"DLBCL_RICOVER_1263"	2	0.0143706821525901	0.936462679451907	0.0198331855274862	0.0149627707154271	0.0143706821525901	0	2	0	0	0	0	0	0	0	0	0	0	0	0	0	0	0	0	0	0	0	0	0	2	0	0	0	0	0	0	0	0	0	0	0	0	0	2	0	0	0	0	0	2	0	0	0	1	0	1	1	0	0	0	0	0	0	0	0	2	0	1	0	0	0	0	2	0	0	0	0	0	0	1	0	0	0	0	0	0	0	0	0	0	2	2	0	0	2	3	2	0	0	2	0	0	1	0	2	0	0	0	0	0	0	0
"DLBCL_RICOVER_1269"	2	0.0148816752697179	0.936545506909945	0.0186610889379581	0.0150300536126612	0.0148816752697179	0	0	2	1	0	0	0	0	0	0	0	0	0	0	0	0	0	0	0	0	0	0	0	0	0	0	0	0	0	0	0	0	0	0	0	0	0	0	0	0	1	0	0	0	0	0	0	0	0	0	0	1	0	0	0	0	0	2	0	0	0	0	0	0	0	0	0	0	1	1	0	0	0	0	0	0	0	0	0	0	2	0	0	0	0	2	2	0	0	0	2	0	0	0	0	0	0	0	0	0	0	0	0	0	0	0
"DLBCL_LS1395"	2	0.0138877207065372	0.938995645770943	0.0193411921094456	0.0138877207065372	0.0138877207065372	0	2	0	0	0	0	0	0	0	0	0	0	0	0	0	0	0	0	0	0	0	0	0	0	0	0	0	0	0	0	0	0	0	0	0	0	0	0	0	0	0	0	0	0	0	0	0	0	0	0	1	0	0	0	0	1	0	0	0	0	1	0	0	0	1	0	0	1	0	0	0	0	0	0	0	0	0	0	1	2	0	0	0	0	0	0	2	0	2	3	1	0	0	0	0	0	0	0	2	0	0	0	0	0	0	0
"DLBCL_LS4592"	2	0.0136611143152902	0.939321489696491	0.0191056503593711	0.0142506313135574	0.0136611143152902	0	2	0	0	2	0	2	0	0	0	0	0	0	2	0	0	0	0	0	0	0	0	0	2	0	0	0	0	0	0	0	0	0	0	0	0	2	0	0	0	0	0	0	0	0	0	0	1	0	0	0	0	0	0	0	0	0	0	0	0	0	1	2	0	0	0	2	0	0	1	0	1	0	0	0	0	0	0	0	0	2	0	0	0	2	0	2	0	2	3	2	0	0	0	0	0	0	0	0	0	0	0	0	0	0	0
"DLBCL_MC_F606_DMJ"	2	0.0136103191706569	0.939892020254448	0.0192770222335816	0.0136103191706569	0.0136103191706569	0	0	0	0	0	0	0	0	0	0	0	0	0	0	0	0	0	0	0	0	0	0	0	0	0	0	0	0	0	0	0	0	0	0	0	0	0	0	0	0	0	0	0	0	1	0	0	0	0	0	0	0	0	1	0	1	0	0	0	0	0	1	0	0	0	0	0	0	0	0	0	0	0	0	0	1	1	0	1	0	0	0	0	0	0	0	0	0	2	3	2	0	0	0	0	0	0	0	0	0	0	0	0	0	0	0
"DLBCL_MC_F064AB"	2	0.0141332335804775	0.941577019561219	0.0163093070383294	0.0140640579423155	0.0139163818776586	0	0	0	0	2	0	0	0	0	0	2	0	0	0	0	0	0	0	0	0	0	0	0	2	3	0	0	2	0	0	0	0	0	0	0	0	0	0	0	0	0	0	0	0	0	0	0	0	0	0	0	1	0	0	0	0	0	0	0	0	0	0	0	0	0	0	0	1	0	0	0	0	0	0	0	0	0	0	0	0	0	0	0	0	0	0	2	0	0	3	2	0	0	0	0	0	0	0	0	0	0	0	0	0	0	0
"DLBCL_MC_F815_BAT"	2	0.0138169054235291	0.942115158936736	0.0162087898074647	0.0138169054235291	0.0140422404087414	1	0	0	2	0	0	0	0	0	0	0	0	0	0	0	2	0	0	2	0	0	0	0	0	0	1	0	0	0	0	0	0	0	1	1	0	0	0	0	2	0	0	0	0	0	0	0	0	0	0	0	0	0	0	0	0	0	0	1	0	0	0	0	0	1	0	2	0	0	1	0	0	0	0	0	0	0	0	0	0	0	0	0	2	0	0	0	0	2	3	2	0	0	0	0	3	0	0	0	0	0	0	0	0	0	0
"DLBCL_LS843"	2	0.0128193922923596	0.942715412400076	0.0182402650790608	0.0134055379361439	0.0128193922923596	0	0	0	0	0	0	0	0	0	0	0	0	2	2	0	0	0	0	0	0	0	0	0	0	0	1	0	0	2	0	0	0	0	0	2	0	0	0	0	0	0	0	0	0	0	0	0	0	0	2	0	0	0	0	1	0	0	0	0	0	1	0	0	0	0	0	1	0	0	0	0	0	0	0	0	0	0	0	0	0	0	0	2	0	0	0	2	2	2	3	2	0	0	0	0	0	0	0	0	0	0	0	0	0	0	0
"DLBCL_MC_F344_CJS"	2	0.0128126078444814	0.942742780620255	0.0182332788889094	0.013398724801873	0.0128126078444814	0	0	2	0	0	2	0	0	0	0	0	0	0	0	0	0	0	0	0	0	2	0	0	2	0	0	0	0	0	0	0	0	0	0	0	0	0	0	0	2	0	0	0	0	1	1	1	0	0	0	0	0	0	0	0	0	0	0	0	0	0	0	0	0	1	1	1	0	0	0	0	0	0	0	0	0	0	0	0	0	0	0	2	0	0	2	2	2	0	3	2	0	0	0	0	0	0	0	0	0	0	0	0	0	0	0
"DLBCL_RICOVER_577"	2	0.0131085039343557	0.944596032579387	0.0154894749031933	0.0136974846487087	0.0131085039343557	0	0	0	0	0	0	0	0	0	0	0	0	0	0	0	0	0	0	0	0	0	0	2	0	0	0	0	0	0	0	0	0	0	0	0	0	2	2	0	0	0	0	0	2	1	0	0	0	0	0	0	0	0	0	0	0	0	0	1	0	1	0	0	0	0	0	0	0	0	0	0	0	0	0	0	0	0	0	0	0	0	0	0	0	0	2	2	2	2	0	0	0	2	0	0	0	0	0	0	0	0	0	0	0	0	0
"DLBCL_DFCI_DLBCL_GOE16"	2	0.0117665465634972	0.946965149401312	0.017153832558982	0.012347924912712	0.0117665465634972	0	0	0	0	0	0	0	0	0	0	0	0	0	0	0	0	0	0	0	0	0	0	0	0	0	0	0	0	0	0	0	0	0	0	0	0	0	0	0	0	0	0	0	0	0	0	0	0	0	0	0	0	0	0	0	0	0	0	0	0	1	0	0	0	0	0	0	0	0	0	0	0	0	0	0	0	0	0	0	0	0	0	2	0	0	0	0	2	2	3	2	0	0	0	0	0	0	0	0	0	0	0	0	0	0	0
"DLBCL_C_D_1127_NULLPAIR"	2	0.0121805333953656	0.948326678312913	0.0145467822132656	0.0127654726830902	0.0121805333953656	0	0	0	0	0	0	0	0	0	0	0	0	0	0	0	0	0	0	0	0	0	0	0	0	0	0	0	0	0	0	0	0	0	0	0	0	0	0	0	0	0	0	0	0	1	0	0	0	0	0	0	1	0	0	0	0	0	0	0	0	0	0	0	0	0	0	0	1	0	0	0	1	0	0	0	0	0	0	0	0	0	0	2	0	0	0	2	0	2	3	2	0	0	0	0	0	0	0	0	0	0	0	0	0	0	0
"DLBCL_LS4616"	2	0.0113086231092756	0.948815266994749	0.0166797719463979	0.0118877148403019	0.0113086231092756	0	0	0	0	0	0	0	0	0	0	0	0	0	0	0	2	0	0	0	0	0	0	0	2	3	0	1	0	0	0	0	0	0	0	0	0	0	0	0	0	0	0	0	0	0	0	0	0	0	0	0	1	0	0	0	0	0	0	0	0	0	0	1	0	0	0	0	1	0	1	0	1	0	0	0	0	0	0	1	2	0	0	0	0	0	0	2	0	2	3	2	0	0	0	0	0	0	0	0	0	0	0	0	0	0	0
"DLBCL_LS4618"	2	0.0118898392392815	0.950027720608399	0.0141626822891788	0.0120299186238589	0.0118898392392815	0	0	0	0	0	0	0	0	0	0	0	0	0	0	0	0	0	0	0	0	0	0	0	2	3	0	0	0	0	0	0	0	0	0	0	0	0	0	0	0	0	0	0	0	0	0	0	0	0	0	0	0	0	0	0	0	0	0	0	0	0	0	0	0	0	0	0	0	0	0	0	0	0	0	0	0	0	0	0	2	0	0	0	2	0	0	0	0	2	3	2	0	0	0	0	0	0	0	0	0	0	0	0	0	0	0
"DLBCL_LS155"	2	0.0119149592958916	0.950083421551445	0.0120663059594068	0.0119149592958916	0.0140203538973648	0	2	0	0	0	0	0	0	0	0	0	0	0	2	2	0	0	0	2	0	0	0	2	0	3	0	0	0	0	0	0	0	0	0	0	0	0	0	0	0	0	0	1	0	0	0	0	0	0	0	0	0	0	0	0	0	0	0	0	0	0	0	0	0	0	0	0	0	0	0	0	0	0	0	0	0	0	0	0	0	0	0	0	0	0	2	0	2	0	3	2	0	0	0	0	0	0	0	0	0	0	0	0	0	0	0
"DLBCL_C_D_1157_NULLPAIR"	2	0.0117280179054336	0.951226759547938	0.0138700860612654	0.0116600741257094	0.0115150623596536	0	0	0	0	0	0	0	0	0	0	0	0	0	0	1	0	0	0	0	0	0	0	0	0	3	0	0	2	0	0	0	0	0	0	0	0	0	0	0	0	0	0	0	0	0	0	0	0	0	0	0	0	0	1	0	0	0	0	0	0	0	0	0	0	0	0	2	0	0	0	0	0	0	0	0	0	0	0	0	0	0	0	0	0	0	2	2	0	0	3	2	0	0	0	0	0	0	0	0	0	0	0	0	0	0	3
"DLBCL_RICOVER_1013"	2	0.0104630815328871	0.952234545966938	0.0158017221653764	0.011037568801911	0.0104630815328871	0	0	0	0	0	0	0	0	0	0	0	1	0	0	0	0	0	0	0	0	0	0	0	0	0	0	2	0	0	0	0	0	0	0	0	0	0	1	0	0	0	0	0	1	0	0	0	0	0	0	0	0	0	2	0	0	0	0	0	0	0	1	0	0	0	0	1	0	0	0	0	0	0	0	1	0	1	0	0	0	0	0	0	0	0	0	2	0	2	3	2	0	0	0	0	0	0	0	0	0	0	0	0	0	0	0
"DLBCL_MC_F358_WDS"	2	0.0104181298503285	0.9524164456583	0.015754937220829	0.0109923574202142	0.0104181298503285	0	0	0	0	0	0	2	0	0	0	0	0	0	0	2	0	0	0	0	0	0	0	0	0	3	0	0	0	0	0	0	0	0	0	0	0	2	0	0	0	0	0	0	0	0	0	0	0	0	0	0	0	0	0	1	0	0	0	0	0	1	0	0	0	1	0	0	0	0	0	0	0	0	0	0	0	0	0	0	0	1	0	2	2	0	0	2	2	0	3	2	0	0	0	0	0	0	0	0	0	0	0	0	0	0	0
"DLBCL_RICOVER_469"	2	0.0100863442598966	0.95375943420969	0.0154092720601298	0.0106586052103872	0.0100863442598966	0	0	0	0	0	0	0	0	0	0	0	0	0	0	0	0	0	0	0	0	0	0	0	0	0	0	0	0	0	0	0	0	0	0	0	0	0	0	0	0	0	0	0	0	0	0	0	0	0	0	0	0	0	0	0	0	0	0	0	0	1	0	0	0	1	0	0	0	0	0	0	0	0	0	0	0	0	0	0	0	0	0	0	2	0	2	2	2	0	3	2	0	0	0	0	0	0	0	0	0	2	0	0	2	0	0
"DLBCL_RICOVER_744"	2	0.00967930491114132	0.95540803026673	0.0149843320899006	0.0102490278210868	0.00967930491114132	0	0	0	0	0	0	0	0	0	0	0	0	0	0	0	0	0	0	0	0	0	0	0	0	0	0	0	0	0	0	0	0	0	0	0	0	0	0	0	0	0	0	0	0	1	0	0	0	0	0	0	0	0	0	0	0	0	0	0	0	0	0	0	0	0	0	0	1	0	0	0	1	0	0	0	0	0	0	0	0	0	0	0	2	0	2	2	2	0	3	2	0	2	0	0	0	0	0	2	0	0	0	0	1	0	0
"DLBCL_RICOVER_267"	2	0.0103044532544745	0.955876634519512	0.0126348950545326	0.0108795639170064	0.0103044532544745	0	0	0	0	2	0	2	0	0	0	0	0	0	0	0	0	0	0	0	0	0	0	0	0	3	0	2	0	0	0	0	0	0	0	0	0	2	0	0	0	0	2	0	0	0	0	0	0	0	0	0	0	0	0	1	0	0	0	0	1	0	0	0	0	0	0	0	0	0	0	0	0	0	0	0	0	0	0	0	0	0	2	0	2	2	0	2	0	2	3	2	0	0	0	0	0	0	0	0	0	0	0	0	0	0	0
"DLBCL_C_D_1110_NULLPAIR"	2	0.00896469005033019	0.95830525356933	0.0142357739427395	0.00952959238726979	0.00896469005033019	0	0	0	0	0	0	0	0	0	0	2	0	0	0	1	0	0	0	0	0	0	0	2	1	0	0	0	0	0	0	0	0	0	0	0	0	0	1	0	0	0	0	0	1	0	0	0	0	0	0	0	0	0	0	0	0	0	0	0	0	0	1	0	0	2	0	0	0	0	0	0	0	0	0	0	0	0	0	0	0	0	2	0	2	0	0	2	0	0	3	2	0	0	0	0	0	0	0	0	2	0	0	0	2	0	0
"DLBCL_LS1620"	2	0.00840980773073726	0.960557669514236	0.0136521044093069	0.00897061061498212	0.00840980773073726	0	0	0	0	0	0	0	0	0	0	0	0	0	0	0	0	0	0	0	0	0	0	0	0	0	0	2	0	0	0	0	0	0	0	0	0	0	0	0	0	0	0	0	0	1	0	0	0	0	0	0	0	0	0	0	0	0	0	0	0	0	0	0	0	0	0	0	0	0	0	0	0	0	0	0	0	0	0	0	0	2	2	0	0	0	2	2	2	2	3	2	0	0	0	0	0	0	0	0	0	0	0	0	0	0	0
"DLBCL_C_D_1141_NULLPAIR"	2	0.00796415437509705	0.962368652630708	0.013181626785642	0.00852141183345575	0.00796415437509705	0	0	0	0	0	0	0	0	0	0	0	0	0	0	0	0	0	0	0	0	0	0	0	0	0	0	2	0	0	0	0	0	0	0	0	0	0	1	0	0	0	0	0	2	0	0	0	0	0	0	0	0	0	0	0	0	0	0	0	0	0	1	0	0	1	0	2	0	0	0	0	0	0	0	0	0	2	0	0	0	0	0	0	0	0	2	2	0	2	3	2	0	0	0	0	0	0	0	0	0	0	0	0	2	0	0
"DLBCL_LS1098"	2	0.00736945724945184	0.967716340562013	0.00962172592438413	0.00792301901469963	0.00736945724945184	0	0	0	0	0	0	0	0	0	0	0	0	0	0	0	0	0	0	0	0	0	0	2	2	0	0	2	0	0	1	0	0	0	0	0	0	0	0	0	0	0	0	0	0	0	0	0	0	0	0	0	0	0	1	0	0	0	0	0	0	0	1	0	0	0	0	0	0	0	0	0	0	0	0	0	0	0	0	0	0	0	2	0	0	0	2	2	0	2	3	1	0	0	0	0	0	0	0	0	0	2	0	0	0	0	0
"DLBCL_LS3309"	3	0.0146308146503897	0.474227270904109	0.481880285144722	0.0146308146503897	0.0146308146503897	0	0	0	0	0	0	0	0	0	0	0	0	0	0	0	0	0	0	0	0	0	0	0	0	0	0	0	0	0	0	1	0	0	1	0	0	0	0	0	0	0	0	2	0	1	0	1	0	0	0	1	1	1	1	0	0	0	1	0	2	2	1	0	0	1	1	1	0	0	1	0	1	1	1	0	0	0	0	1	2	0	0	0	2	0	2	0	2	2	3	2	0	0	0	0	0	0	0	0	0	0	0	0	0	0	0
"DLBCL_C_D_1111_NULLPAIR"	3	0.0949609308576364	0.0949609308576364	0.619708373623379	0.0954088338037119	0.0949609308576364	0	0	0	0	0	0	0	0	0	0	0	0	0	0	0	0	0	0	0	0	0	0	0	0	0	0	0	0	0	0	0	0	0	0	0	0	0	0	0	0	0	0	0	0	0	0	0	0	0	0	0	0	0	0	0	0	0	0	0	0	0	0	0	0	0	0	0	0	0	0	0	0	0	0	0	0	1	0	0	0	0	0	0	0	0	0	0	0	0	0	0	0	0	0	0	0	0	0	0	0	0	0	0	0	0	0
"DLBCL_MC_F496DMP"	3	0.0603563423810433	0.0594013005174873	0.761439756066494	0.0594013005174873	0.0594013005174873	0	0	0	0	0	0	0	0	0	0	0	0	0	0	0	0	0	0	0	0	0	0	2	0	0	1	0	0	0	0	0	0	0	0	0	0	0	0	0	0	0	0	0	0	0	0	0	0	1	0	0	0	0	0	0	0	0	0	0	1	0	0	0	0	0	0	0	0	0	0	1	0	0	0	0	0	0	0	0	0	0	0	0	0	0	0	2	0	0	0	0	0	0	0	1	0	0	0	0	0	0	0	0	0	0	3
"DLBCL_RICOVER_1060"	3	0.0575554711242631	0.0575554711242631	0.767333215140201	0.0600003714870094	0.0575554711242631	0	0	0	0	0	0	0	0	0	0	0	0	0	0	0	0	0	0	0	0	0	0	0	0	0	0	0	0	0	1	0	0	0	0	0	0	0	1	0	0	0	0	0	1	0	0	0	0	0	2	0	0	0	0	0	0	1	0	0	0	0	0	0	0	1	0	0	0	0	0	0	0	0	0	0	0	0	0	0	0	0	0	0	0	0	0	0	0	0	0	0	0	0	0	0	0	0	0	0	0	2	0	0	0	0	0
"DLBCL_LS3085"	3	0.0543078788057046	0.0543078788057046	0.782768484777182	0.0543078788057046	0.0543078788057046	0	0	0	0	0	0	0	0	0	0	0	0	0	0	0	0	0	0	0	0	0	0	0	0	0	0	0	0	0	0	0	0	0	0	0	0	0	0	0	0	0	0	0	0	0	0	0	0	0	0	0	0	0	0	0	0	1	0	0	0	0	0	0	0	0	0	1	0	0	0	0	0	0	0	0	0	0	0	0	0	0	0	0	0	0	0	0	0	0	0	0	0	0	0	0	0	1	0	0	0	0	0	0	0	0	0
"DLBCL_RICOVER_678"	3	0.0422994220760922	0.0422994220760922	0.828321235380045	0.0447804983916782	0.0422994220760922	0	0	0	0	0	0	0	0	0	0	0	0	0	0	0	0	0	0	0	0	0	0	0	0	0	0	0	0	0	1	0	0	0	0	0	0	0	0	0	0	0	0	0	2	0	0	0	0	2	0	0	0	0	0	0	0	0	0	0	0	0	1	0	0	0	0	0	0	0	0	0	0	0	0	0	0	0	0	1	2	0	0	0	0	0	0	0	0	0	0	0	3	2	0	0	0	0	0	0	0	0	0	0	0	0	0
"DLBCL_C_D_1149_NULLPAIR"	3	0.0412500257256797	0.0412500257256797	0.833692483701751	0.0425574391212101	0.0412500257256797	0	0	0	0	0	0	0	0	0	0	0	0	0	0	0	0	0	0	0	0	0	0	0	0	0	0	0	0	0	0	1	0	0	0	0	0	0	0	0	0	0	0	0	2	0	1	1	0	0	0	0	1	0	0	0	1	0	0	1	0	0	0	0	0	0	0	0	0	0	0	0	0	0	0	1	0	0	0	0	0	0	0	0	0	0	0	0	0	0	0	0	0	1	0	0	0	0	0	0	0	0	0	0	0	0	0
"DLBCL_LS4054"	3	0.0355422912114623	0.0355422912114623	0.857224631777656	0.0361484945879575	0.0355422912114623	0	0	0	0	0	0	0	0	0	0	0	0	0	0	0	0	0	0	0	0	2	0	0	0	0	0	0	0	0	0	0	0	0	0	0	0	0	0	0	0	0	0	0	0	0	0	0	0	0	0	0	0	0	0	0	0	0	0	0	0	1	0	0	0	0	0	0	1	0	0	0	0	0	0	0	1	0	0	0	0	0	0	0	0	0	0	0	0	0	0	0	0	0	0	0	0	0	0	0	0	0	0	0	0	0	0
"DLBCL_LS1065"	3	0.0335870254692871	0.0335870254692871	0.864283411201111	0.0349555123910282	0.0335870254692871	2	0	0	0	0	0	2	0	0	0	0	0	0	0	0	0	0	0	0	0	0	0	0	0	0	0	2	0	0	1	0	0	0	0	0	0	0	0	0	0	0	0	1	0	1	1	0	0	2	0	1	0	0	1	0	0	0	0	0	0	0	0	0	1	1	1	0	0	0	0	0	0	0	1	0	1	1	0	1	2	0	2	0	0	0	0	0	0	0	0	0	0	2	0	0	0	0	0	0	0	0	0	0	0	0	0
"DLBCL_RICOVER_1165"	3	0.0306381539578008	0.030392813508581	0.869825095792074	0.038751123232963	0.030392813508581	0	0	0	0	0	0	0	0	0	0	0	0	0	0	0	0	0	0	0	0	0	0	0	0	3	0	0	0	0	0	0	0	0	0	0	0	0	0	0	2	1	0	0	0	0	0	0	0	0	0	1	0	0	0	0	1	0	0	0	0	1	0	0	0	0	0	0	0	1	0	0	0	0	0	0	0	0	0	1	2	0	0	0	0	0	0	0	0	2	0	0	0	0	0	2	0	0	0	0	0	0	0	0	0	0	0
"DLBCL_RICOVER_1169"	3	0.0321830604280543	0.0321830604280543	0.870679252914408	0.0327715658014294	0.0321830604280543	0	0	0	0	0	0	0	0	0	0	0	0	0	0	0	0	0	0	0	0	0	0	0	0	0	0	0	0	0	0	0	0	0	0	0	0	0	0	0	0	0	0	0	0	0	0	0	0	0	0	0	0	0	0	0	0	0	0	0	0	0	0	0	0	0	0	1	0	0	0	0	0	0	0	0	0	1	0	0	0	0	0	0	0	0	0	0	0	0	0	0	0	0	0	0	0	0	0	0	0	0	0	0	0	0	0
"DLBCL_LS1668"	3	0.0308679505305381	0.0308679505305381	0.875939223638365	0.0314569247700211	0.0308679505305381	0	0	0	0	0	0	0	2	2	0	0	0	0	2	2	2	0	0	0	0	0	0	2	0	0	0	2	0	0	0	1	0	0	0	0	0	2	1	0	0	0	0	0	1	1	1	0	0	0	0	1	0	0	0	0	1	0	1	1	0	0	0	0	1	0	0	2	1	1	1	0	0	0	1	1	1	0	0	1	2	0	0	0	0	0	0	2	0	0	3	2	0	2	0	0	0	0	0	0	0	0	0	0	0	0	0
"DLBCL_MC_F990_MNA"	3	0.0279222502823432	0.0279222502823432	0.879628112236713	0.0366051369162573	0.0279222502823432	0	0	0	0	0	0	0	0	0	0	0	0	0	0	0	0	0	0	0	0	2	0	0	0	3	1	2	0	0	0	0	0	0	2	0	1	2	0	2	2	0	2	0	0	0	0	1	1	0	0	1	0	0	0	0	1	1	0	1	0	0	1	0	1	1	0	1	1	1	0	1	1	1	0	1	1	0	0	1	0	0	0	0	0	0	0	0	0	0	0	0	0	1	0	0	0	1	0	0	0	0	0	0	0	0	0
"DLBCL_LS3204"	3	0.0292434173301045	0.0292434173301045	0.882437058953165	0.0298326890565218	0.0292434173301045	0	2	0	0	0	0	0	2	0	0	0	0	0	0	0	0	0	0	0	0	0	0	0	0	0	0	0	0	0	0	0	0	0	0	0	0	0	0	0	0	0	0	0	0	0	0	0	0	0	0	0	0	0	0	0	1	1	0	0	1	0	0	1	0	0	0	1	1	0	0	1	0	0	0	0	0	1	0	0	0	0	0	0	0	0	0	0	0	0	0	0	0	0	0	0	0	1	0	0	0	0	2	0	0	0	0
"DLBCL_LS3245"	3	0.0270335798389027	0.036043674555015	0.882855585928277	0.0270335798389027	0.0270335798389027	0	0	0	0	0	0	0	1	0	0	1	0	0	0	0	0	0	0	2	0	0	0	0	0	0	0	2	0	0	1	0	0	0	0	0	0	0	1	0	0	0	0	0	1	1	0	0	0	0	0	1	0	0	1	0	0	1	1	0	1	1	1	0	1	0	1	2	1	1	0	0	1	0	0	0	1	0	0	0	2	0	2	0	0	0	0	2	0	0	3	2	0	0	0	0	0	1	0	0	0	0	0	0	0	0	0
"DLBCL_MC_F500_ECU"	3	0.0293519756081011	0.0291286171933792	0.883262172811761	0.0291286171933792	0.0291286171933792	0	0	0	0	0	0	0	0	0	0	0	0	0	0	0	0	1	0	0	0	0	0	0	0	0	0	0	2	0	0	0	0	0	0	0	0	0	0	0	0	1	0	0	0	0	0	0	0	0	0	0	0	0	1	0	0	0	0	0	0	0	0	0	0	0	1	0	0	0	1	0	0	0	0	0	0	1	0	0	0	0	0	0	0	0	0	0	0	0	0	0	0	0	0	0	0	0	0	0	0	0	0	0	0	0	0
"DLBCL_DFCI_DLBCL_GOE05"	3	0.0274195023067468	0.0274195023067468	0.887704857616666	0.0300366354630941	0.0274195023067468	0	0	0	0	0	0	0	0	0	0	0	0	0	0	0	0	0	0	0	0	0	0	0	0	0	0	0	0	0	0	0	0	0	1	0	0	2	1	0	2	0	0	0	1	0	0	0	0	1	0	0	0	0	0	0	0	0	1	0	0	0	0	0	0	0	0	0	0	0	0	0	0	0	0	0	0	1	0	1	2	0	0	0	0	0	0	2	0	0	0	0	0	0	0	0	0	0	0	0	0	0	0	0	0	0	0
"DLBCL_RICOVER_623"	3	0.0277821926215342	0.0277821926215342	0.888281978720917	0.0283714434144799	0.0277821926215342	0	0	0	2	0	0	0	0	0	0	0	0	0	2	0	0	0	0	0	0	0	0	0	0	0	0	0	0	0	0	0	0	0	0	0	0	0	0	0	0	1	0	0	0	0	0	0	0	0	0	1	0	0	1	1	1	1	0	1	1	0	0	0	0	1	0	2	0	0	0	0	0	0	0	0	0	1	0	1	0	0	0	0	0	0	0	0	2	0	0	0	0	0	0	2	0	1	0	0	0	0	0	0	0	0	0
"DLBCL_C_D_1117_NULLPAIR"	3	0.0279144811868221	0.0276755741364015	0.888647696115086	0.0278382995622967	0.0279239489993941	0	0	0	0	0	0	0	0	0	0	0	2	0	0	2	0	2	0	0	0	0	0	0	2	0	0	0	0	0	0	0	0	0	0	0	0	1	0	0	0	0	0	0	0	0	0	1	0	1	0	0	0	0	0	0	0	0	0	1	0	1	0	0	0	0	0	0	1	1	0	0	1	0	0	1	0	0	0	1	2	0	0	0	0	0	0	0	0	0	0	0	0	0	2	0	0	0	2	0	2	0	0	0	0	0	0
"DLBCL_MC_F729_MAN"	3	0.0267523200682557	0.0267523200682557	0.892401661477086	0.0273413783181462	0.0267523200682557	0	0	0	0	0	0	0	0	0	0	0	0	0	0	0	0	0	0	0	0	0	0	1	0	0	2	0	0	0	0	0	0	0	0	0	0	0	0	0	0	1	0	0	0	0	0	0	1	0	0	1	0	0	0	0	0	1	0	0	0	0	1	0	0	0	0	0	0	0	0	0	0	1	0	0	1	0	0	0	2	0	0	0	0	0	0	0	0	1	0	0	0	0	0	0	0	1	0	0	0	0	0	0	0	0	0
"DLBCL_MC_F959_ERM"	3	0.0261683220105995	0.0261683220105995	0.894697177000004	0.0267978569681975	0.0261683220105995	0	0	0	0	0	0	0	0	0	0	0	0	0	0	2	0	0	0	0	0	0	0	0	0	0	0	0	0	0	0	0	0	0	2	0	0	0	2	0	2	0	0	0	2	0	0	1	0	0	0	0	0	0	1	1	1	1	0	0	0	1	0	0	1	0	1	2	0	0	0	0	0	0	1	0	0	0	0	0	2	0	0	0	0	0	0	2	0	0	0	0	3	0	0	0	0	1	0	0	0	0	0	0	0	0	3
"DLBCL_RICOVER_822"	3	0.0239618948382652	0.0239618948382652	0.901539666397423	0.0265746490877818	0.0239618948382652	0	0	0	0	0	0	0	0	0	0	0	0	0	0	2	0	0	0	0	0	0	0	0	0	0	0	0	0	0	1	0	0	0	0	0	0	1	2	0	0	0	0	0	2	0	0	0	0	0	0	0	0	1	0	1	2	0	0	0	0	2	0	0	0	0	0	1	0	0	0	0	0	0	0	0	1	0	1	0	2	0	0	0	0	0	0	0	0	2	0	0	0	0	0	0	0	0	0	0	0	0	0	0	0	0	0
"DLBCL_RICOVER_1072"	3	0.0212284603537818	0.0212284603537818	0.914501125058325	0.0218134938803295	0.0212284603537818	0	0	0	2	0	0	0	0	0	0	0	0	2	0	0	0	0	0	0	2	0	0	2	0	0	0	1	0	0	0	0	0	0	1	0	0	0	0	0	2	0	0	0	0	0	0	0	0	0	0	0	0	0	1	0	1	1	0	1	0	1	1	0	1	2	0	1	1	0	1	1	0	1	1	1	1	0	0	0	0	0	0	0	2	0	0	0	0	0	0	0	0	0	0	0	0	1	0	0	0	0	0	0	0	0	0
"DLBCL_RICOVER_496"	3	0.021207614706392	0.021207614706392	0.914564836833007	0.0218123190478166	0.021207614706392	0	0	0	0	0	0	0	0	0	0	0	0	0	0	0	0	0	0	0	0	0	0	0	0	3	0	0	0	0	0	0	0	0	0	0	0	0	0	0	0	0	0	0	0	0	0	0	0	0	0	0	0	0	0	0	0	0	0	0	0	0	0	0	0	1	0	0	0	0	1	1	1	1	1	0	0	0	0	0	0	0	0	0	0	0	0	0	0	0	0	0	0	0	0	0	0	0	0	0	0	0	0	0	0	0	0
"DLBCL_LS2328"	3	0.0175307964061536	0.0308046505857188	0.91660296019582	0.0175307964061536	0.0175307964061536	0	0	0	0	0	0	2	0	0	0	0	0	0	0	0	0	2	0	0	0	0	0	0	0	0	0	0	0	0	0	0	0	0	0	0	0	0	0	0	0	0	0	0	0	1	0	0	0	0	0	1	1	0	0	1	0	1	0	1	0	0	1	2	0	1	0	0	1	1	1	0	0	0	1	0	0	1	0	1	2	0	0	2	0	0	0	2	0	2	3	0	0	0	0	0	0	1	0	0	0	2	0	0	0	0	0
"DLBCL_MAYO_DLBCL_7359"	3	0.0198149856752347	0.0198149856752347	0.92015703402813	0.020398008946166	0.0198149856752347	0	0	0	0	0	0	1	0	0	2	0	0	0	0	0	0	0	0	0	0	0	0	0	0	0	0	0	0	0	0	1	0	0	1	0	1	0	0	0	0	1	0	0	1	0	0	1	1	0	0	0	0	0	0	0	0	0	1	1	1	0	0	0	0	1	1	2	0	1	0	1	1	1	1	1	0	1	0	1	2	0	0	0	0	0	0	0	0	0	0	0	3	0	0	0	0	0	0	0	0	0	0	0	0	0	0
"DLBCL_LS146"	3	0.0191720083546476	0.0191720083546476	0.922730018188824	0.0197539567472332	0.0191720083546476	0	0	0	0	0	0	0	0	0	0	0	0	2	0	0	0	0	0	0	0	0	0	0	0	0	0	0	0	0	1	1	0	0	0	0	0	0	1	0	0	1	0	0	1	1	0	0	1	0	0	0	0	0	2	2	1	0	1	0	0	0	0	1	1	0	0	2	0	1	1	0	0	0	1	0	0	1	0	1	2	0	0	0	2	0	0	0	0	0	0	0	0	0	0	0	0	0	0	0	2	0	0	0	0	0	0
"DLBCL_C_D_1126_NULLPAIR"	3	0.0187213404800709	0.0187213404800709	0.924533507356785	0.0193024712030026	0.0187213404800709	0	0	0	0	0	0	0	0	0	0	0	0	0	0	0	0	2	0	0	0	0	0	0	0	0	0	0	0	0	0	0	0	0	0	0	0	1	0	0	2	0	0	1	1	0	0	0	0	1	2	0	0	0	0	0	0	0	0	0	1	1	0	0	0	0	0	1	0	0	0	0	0	0	1	0	0	2	0	1	2	0	0	0	0	0	1	0	0	0	0	0	0	0	0	0	0	0	0	2	0	0	0	0	0	0	0
"DLBCL_RICOVER_787"	3	0.018669970135377	0.018669970135377	0.924719516072826	0.0192705735210435	0.018669970135377	0	0	0	0	0	0	0	0	0	0	0	0	0	0	0	0	0	2	0	2	2	0	0	0	0	0	0	0	0	0	0	0	0	0	0	0	0	0	0	0	0	0	0	0	0	0	0	0	0	0	0	0	0	1	0	0	0	0	0	0	1	0	1	0	1	0	0	0	0	1	1	1	1	1	0	0	0	0	0	0	0	0	0	0	0	2	0	0	0	0	0	0	2	0	0	0	0	0	0	0	0	0	0	0	0	0
"DLBCL_RICOVER_325"	3	0.0186286360636998	0.0186286360636998	0.924904500027349	0.019209591781552	0.0186286360636998	0	0	0	0	0	0	0	0	0	0	0	0	0	0	0	0	0	0	0	0	0	0	0	0	0	0	0	0	0	0	0	0	0	1	0	0	0	0	0	0	0	0	0	0	0	0	0	0	0	0	0	0	0	0	0	0	1	0	0	0	1	1	0	0	0	0	1	0	1	0	0	0	0	0	1	1	0	0	0	2	0	0	0	0	0	0	0	0	0	0	0	0	0	0	0	0	0	0	0	0	0	0	0	0	0	0
"DLBCL_MC_F502_RFK"	3	0.0183376572093734	0.0192749171825505	0.924998476100675	0.0190512922980281	0.0183376572093734	0	0	0	0	0	0	0	0	0	0	0	0	0	0	0	0	0	0	0	0	0	0	0	0	0	0	0	0	0	1	0	0	0	0	0	1	0	2	0	0	0	0	1	1	0	0	0	0	0	1	0	0	1	0	0	1	0	0	0	0	1	0	0	0	0	1	0	1	0	0	0	0	0	0	1	1	1	0	1	2	0	0	2	0	0	2	2	0	0	3	2	0	0	0	0	0	0	0	0	0	0	0	0	0	0	0
"DLBCL_C_D_1135_NULLPAIR"	3	0.0185870103170006	0.0185870103170006	0.92505151810701	0.0191874509419875	0.0185870103170006	0	0	0	0	0	0	0	0	0	0	2	2	0	0	0	0	0	0	0	0	0	0	2	0	0	0	0	0	0	0	0	0	0	0	0	0	0	1	0	0	1	0	0	1	1	0	0	1	0	0	1	0	0	0	0	1	1	0	1	1	1	0	0	0	0	1	0	0	1	1	0	0	0	1	1	0	1	1	0	2	0	0	0	0	0	0	0	2	0	0	0	3	0	0	0	0	1	0	0	0	0	0	0	0	0	3
"DLBCL_C_D_1152_NULLPAIR"	3	0.0185698914243758	0.0185698914243758	0.92513959070575	0.0191507350211226	0.0185698914243758	0	0	0	0	0	0	0	0	0	0	0	0	0	0	0	0	0	0	0	2	0	0	0	0	3	0	0	0	0	0	1	0	0	0	2	0	2	0	0	0	0	0	0	0	1	1	0	1	0	0	0	0	0	0	0	0	0	1	1	0	0	1	0	0	1	0	1	0	1	0	1	1	1	1	1	1	0	0	1	0	0	0	0	0	0	2	0	0	0	0	0	0	0	0	0	0	0	0	0	0	0	0	0	0	0	0
"DLBCL_LS1921"	3	0.0178625306700094	0.0178625306700094	0.927970460416559	0.0184419475734124	0.0178625306700094	0	0	0	2	0	0	0	2	0	0	0	0	0	0	0	2	0	0	0	0	0	2	0	0	0	0	0	0	0	0	0	0	0	0	0	0	0	0	0	0	0	0	0	0	0	1	0	0	0	1	0	0	0	1	0	1	1	0	0	1	1	1	1	0	1	0	2	0	0	1	1	1	1	1	0	0	1	0	1	0	0	0	2	0	0	0	0	0	0	3	0	0	0	0	1	0	0	0	0	0	0	0	0	0	0	0
"DLBCL_RICOVER_266"	3	0.0173762046778969	0.0173762046778969	0.92989734809029	0.017974037876019	0.0173762046778969	0	0	0	0	0	0	0	0	0	0	0	0	0	0	0	0	0	0	0	0	0	0	0	0	0	0	0	0	0	1	1	0	0	0	0	0	0	0	0	0	0	0	0	0	0	0	0	0	0	0	0	0	1	0	0	0	0	1	0	0	0	0	0	0	0	0	1	1	0	1	0	0	0	1	1	1	0	0	1	0	0	0	0	0	0	0	0	0	0	0	0	0	0	0	0	0	0	0	0	0	0	0	0	0	0	3
"DLBCL_LS88"	3	0.0167146065551527	0.0167146065551527	0.932564792456246	0.0172913878782954	0.0167146065551527	0	0	0	0	0	0	0	0	0	0	0	0	0	0	0	0	0	0	0	0	0	0	0	0	0	0	0	0	0	2	1	0	0	0	0	0	2	0	0	0	0	0	0	0	0	0	0	0	0	0	0	1	1	0	0	0	0	1	0	0	1	0	0	0	1	1	0	0	0	0	1	1	0	0	0	1	0	0	1	2	0	0	0	0	0	0	0	0	0	3	0	0	0	0	0	0	0	0	0	0	0	0	0	0	0	0
"DLBCL_RICOVER_288"	3	0.0163870173302018	0.0163870173302018	0.9338759796174	0.0169629683919946	0.0163870173302018	0	0	0	0	1	0	0	0	0	0	0	0	0	0	2	0	0	0	0	0	0	0	0	0	0	0	1	0	0	0	0	0	0	0	0	0	0	0	0	0	0	0	0	0	0	0	0	0	0	0	0	0	1	1	1	1	1	1	0	0	0	0	0	1	0	0	2	1	1	1	0	0	0	1	0	1	1	0	0	2	0	0	0	0	0	0	0	0	0	0	0	0	0	0	0	0	1	0	0	0	0	0	0	0	0	0
"DLBCL_C_D_1108_NULLPAIR"	3	0.016149271035808	0.016149271035808	0.934060780011988	0.0174914068805883	0.016149271035808	0	0	0	0	0	0	0	0	0	0	0	0	0	1	0	0	0	0	0	0	0	0	0	0	0	0	0	0	0	1	0	0	0	0	0	0	0	1	0	0	1	0	0	1	0	0	0	1	0	0	0	0	0	0	0	0	0	0	0	1	1	0	1	0	1	1	0	0	1	0	0	0	0	0	0	0	1	1	0	2	0	0	0	0	0	0	0	0	0	0	0	0	0	0	0	0	0	0	0	0	0	0	0	0	0	0
"DLBCL_DFCI_DLBCL_GOE07"	3	0.0162711790086121	0.0162711790086121	0.934339635255763	0.0168468277184005	0.0162711790086121	0	0	0	0	0	0	0	0	0	0	0	0	0	0	0	0	0	0	0	0	0	0	0	0	0	0	0	0	0	0	0	0	0	0	0	0	0	1	0	0	0	0	0	1	0	0	0	0	0	1	0	0	0	1	0	0	1	0	0	0	0	0	0	0	0	0	0	0	0	0	0	0	0	0	1	1	1	0	1	0	0	0	0	0	0	0	0	0	0	0	0	0	0	0	0	0	1	0	0	0	0	0	0	0	0	0
"DLBCL_RICOVER_839"	3	0.0162233776748925	0.0162233776748925	0.934530966715803	0.0167989002595191	0.0162233776748925	0	0	0	0	0	0	0	0	0	0	0	0	0	0	0	2	0	0	0	0	0	0	0	0	0	0	0	0	0	0	0	0	0	0	0	0	0	0	0	0	0	0	0	0	0	0	0	0	1	0	0	0	0	0	0	0	1	0	0	0	0	0	0	0	0	1	0	0	1	0	0	0	0	0	1	1	1	0	1	2	0	0	0	0	0	0	0	0	0	0	0	0	0	0	0	0	1	0	0	0	0	0	0	0	0	0
"DLBCL_C_D_1131_NULLPAIR"	3	0.0157567007633469	0.0157567007633469	0.936379598716158	0.0163502989938008	0.0157567007633469	0	0	0	0	0	0	0	0	0	0	0	0	0	0	0	0	0	0	0	0	0	0	0	0	0	0	0	0	0	0	0	0	0	0	0	0	0	0	2	2	0	0	0	0	0	0	1	0	0	0	1	0	1	0	0	1	0	0	1	1	0	0	0	0	0	0	0	1	1	0	1	0	1	0	0	0	0	0	0	2	0	0	0	0	0	0	2	0	0	0	0	0	2	0	0	0	0	0	0	0	0	0	0	0	0	0
"DLBCL_RICOVER_1210"	3	0.0151507662686434	0.0151507662686434	0.938580032662777	0.0157424097199896	0.0153760250799464	0	0	0	0	0	0	0	0	0	0	0	0	0	0	2	0	0	0	0	0	0	0	0	2	0	0	0	0	0	0	0	0	0	0	0	0	1	0	0	0	0	0	0	0	0	0	0	0	0	0	0	1	0	0	0	0	0	0	0	1	0	0	0	1	0	0	0	0	0	1	0	1	0	0	0	0	2	0	1	2	0	0	0	0	0	0	0	2	2	0	0	0	0	0	0	0	0	0	0	0	0	0	0	0	0	0
"DFCIDL003_DT"	3	0.0149499566569096	0.0149499566569096	0.93962831858748	0.0155218114417916	0.0149499566569096	0	2	0	0	0	0	0	0	0	0	0	0	0	0	0	0	0	0	0	0	0	0	0	0	0	0	0	0	0	1	0	0	0	0	0	0	2	0	0	0	0	0	1	0	1	0	0	1	0	1	1	1	0	0	0	1	0	0	0	1	0	1	0	0	1	0	2	1	1	0	1	1	1	0	1	1	1	0	1	2	0	0	0	0	2	0	2	0	0	3	0	0	0	0	0	0	1	0	0	0	0	0	0	0	0	3
"DLBCL_RICOVER_1235"	3	0.0145859245227036	0.0145859245227036	0.941085611802675	0.0151566146292141	0.0145859245227036	0	0	0	0	0	0	0	0	0	0	0	0	0	2	0	0	0	0	0	0	0	0	0	0	0	0	0	0	0	0	0	0	0	0	0	0	1	0	0	0	0	0	1	1	1	0	0	0	0	0	1	1	0	0	0	1	0	0	0	1	0	0	1	1	1	0	2	1	1	0	0	1	1	0	0	0	2	0	1	2	0	0	0	0	0	0	1	0	2	3	2	0	2	0	0	0	1	0	0	0	0	0	0	0	0	0
"DLBCL_RICOVER_299"	3	0.0145274219267366	0.0145274219267366	0.941319814496734	0.0150979197230566	0.0145274219267366	0	0	0	0	0	0	0	0	0	0	0	0	0	0	0	0	0	0	0	0	0	0	0	0	0	0	1	0	0	0	1	0	0	0	0	0	2	1	0	0	0	1	1	1	0	1	0	0	0	0	0	0	1	2	0	0	1	1	0	1	1	0	1	1	1	1	2	1	0	1	1	1	1	0	1	1	1	0	1	0	0	0	0	0	0	2	2	0	2	3	2	0	0	0	0	0	1	0	0	0	0	0	0	0	0	0
"DLBCL_RICOVER_533"	3	0.0144256103136671	0.0144256103136671	0.941727399088497	0.0149957699705021	0.0144256103136671	0	0	0	0	0	2	0	0	0	0	0	0	2	0	0	0	0	2	0	0	0	0	0	0	0	0	0	0	0	0	0	0	0	0	0	0	0	1	0	0	0	0	0	1	0	0	0	0	0	0	1	1	1	0	0	1	0	0	1	1	0	0	0	1	1	1	1	1	0	1	1	1	1	1	0	0	1	0	0	0	0	0	0	0	0	2	0	0	0	0	0	0	0	0	0	0	0	0	0	0	0	0	0	0	0	0
"DLBCL_C_D_1118_NULLPAIR"	3	0.0144918261448853	0.0144918261448853	0.942032695420459	0.0144918261448853	0.0144918261448853	0	0	0	2	0	0	0	0	0	0	0	0	0	0	0	0	0	0	0	0	0	0	0	0	0	0	0	0	0	0	0	0	0	0	0	0	0	0	0	0	0	1	0	0	0	0	0	0	0	0	0	0	0	0	0	0	0	0	0	0	0	1	1	1	1	0	2	1	0	0	1	1	1	0	0	1	0	0	0	0	0	0	0	0	0	0	0	0	0	0	0	0	0	0	0	0	0	0	0	0	0	0	0	0	0	3
"DLBCL_RICOVER_780"	3	0.0140920607214965	0.0140920607214965	0.943043556854091	0.0146802609814199	0.0140920607214965	0	0	0	0	0	0	0	0	0	0	0	0	0	0	0	2	0	0	0	0	0	0	2	0	0	0	0	0	0	0	0	0	0	0	0	0	0	2	0	0	0	0	0	0	0	0	0	0	0	0	0	1	0	1	2	1	0	0	1	0	1	1	0	0	0	0	2	1	0	0	0	0	0	0	0	0	0	0	1	2	0	0	2	0	0	0	2	0	0	0	2	0	0	0	0	0	0	0	0	0	0	0	0	0	0	0
"DLBCL_C_D_1136_NULLPAIR"	3	0.0139288814077211	0.0139288814077211	0.943716029255373	0.0144973265214634	0.0139288814077211	0	0	0	2	2	0	0	0	0	0	0	0	0	0	0	0	0	0	0	0	0	0	0	0	0	0	0	0	0	0	0	0	0	0	0	0	0	0	0	2	0	0	0	0	0	0	1	1	0	0	1	1	1	0	0	0	0	1	0	0	0	0	0	0	1	1	1	0	1	0	1	1	1	0	1	1	0	0	1	2	0	0	0	0	0	0	0	0	0	0	0	0	0	0	0	0	0	0	0	0	0	0	0	0	0	0
"DLBCL_RICOVER_948"	3	0.0137979883140688	0.0137979883140688	0.944240071875602	0.0143659631821915	0.0137979883140688	0	0	0	0	0	0	0	0	0	0	0	0	0	0	0	0	0	0	0	0	0	0	0	0	0	0	0	0	0	0	0	0	0	1	0	0	0	1	0	0	0	0	0	1	0	0	0	0	0	0	0	1	0	2	1	0	0	0	0	0	1	1	0	0	1	0	0	0	0	1	0	0	0	0	1	0	2	0	1	2	0	0	0	0	0	0	0	0	0	3	0	0	0	0	0	0	2	0	0	0	0	0	0	0	0	0
"DLBCL_LS2089"	3	0.0137520902938803	0.0137520902938803	0.944404690288482	0.0143390388298769	0.0137520902938803	0	0	0	0	0	0	0	0	0	0	0	0	0	0	0	0	0	0	0	0	0	0	0	0	0	0	0	0	0	1	1	0	0	0	0	0	0	0	0	2	0	2	0	2	0	0	1	1	1	0	1	0	0	1	1	0	0	1	1	0	0	0	0	0	1	0	0	1	0	0	1	1	1	0	1	0	0	0	1	2	0	0	0	0	0	0	0	0	0	0	0	0	0	0	0	0	0	0	0	0	0	0	0	0	0	0
"DLBCL_LS3749"	3	0.0134913948118868	0.0134913948118868	0.945467578662283	0.0140582369020563	0.0134913948118868	0	0	0	0	2	0	0	0	0	0	0	0	0	0	0	0	0	0	0	0	0	0	2	0	0	0	0	0	0	1	0	0	0	0	0	1	0	0	0	0	0	0	0	0	1	0	1	0	1	0	0	0	1	1	0	0	0	0	0	0	1	0	1	0	1	1	2	0	1	1	1	1	1	1	0	1	1	0	0	0	0	0	0	0	0	0	0	0	0	0	0	0	0	0	0	0	0	0	0	0	0	0	0	0	0	0
"DLBCL_MC_F210_GWC"	3	0.0131809973701232	0.0131809973701232	0.946710361423462	0.0137466464661689	0.0131809973701232	0	0	0	0	0	0	0	0	0	0	0	0	0	0	0	0	0	0	0	0	0	0	2	2	0	0	0	0	0	0	0	0	0	0	0	0	0	0	0	0	0	0	1	1	0	0	0	1	0	0	0	0	0	0	0	0	0	2	0	0	0	0	1	0	0	1	1	0	0	0	0	0	0	1	0	0	0	0	0	0	0	0	0	0	0	0	0	0	0	0	0	0	0	0	0	0	0	0	0	0	0	0	0	0	0	0
"DLBCL_RICOVER_335"	3	0.0123550795390158	0.0123550795390158	0.949998489045637	0.0129362723373161	0.0123550795390158	0	0	0	0	0	0	0	0	0	0	0	2	0	0	2	0	0	0	0	0	2	0	0	2	0	0	0	0	0	0	1	0	0	0	0	0	2	0	0	0	0	0	0	0	0	1	0	0	0	0	1	1	0	1	0	1	0	1	1	0	0	1	0	0	0	0	2	1	0	0	1	1	1	0	1	1	1	0	1	2	0	0	0	0	0	0	0	0	0	0	0	0	0	0	0	0	0	0	0	0	0	0	0	0	0	0
"DLBCL_MC_F089_HCZ"	3	0.0123520297368143	0.0123520297368143	0.950029660762985	0.0129142500265719	0.0123520297368143	0	0	0	0	0	0	0	0	0	0	0	0	2	0	0	0	0	0	0	0	0	0	0	2	0	0	0	0	2	0	0	2	0	0	0	0	0	0	0	0	0	0	0	0	0	0	1	0	0	0	0	0	0	0	0	0	0	0	1	0	1	1	2	0	1	1	0	1	0	1	1	1	1	1	0	1	1	1	0	2	0	0	0	0	0	0	2	0	0	0	2	0	0	0	0	0	0	0	0	0	0	0	0	0	0	0
"DLBCL_RICOVER_126"	3	0.0115122804245851	0.011701055126609	0.953185016556374	0.0120893674678472	0.0115122804245851	0	0	0	0	0	0	0	0	0	0	0	0	0	0	0	0	0	0	0	0	0	0	0	0	0	0	0	0	0	1	0	0	0	0	0	0	0	0	0	0	0	0	1	0	0	0	1	0	0	0	1	1	0	0	0	2	0	0	0	0	0	1	0	0	0	0	2	0	1	1	0	0	0	1	0	1	2	0	1	2	0	0	0	0	0	2	2	0	0	3	2	0	0	0	0	0	0	0	0	0	0	0	0	0	0	0
"DLBCL_MC_F739_AMA3"	3	0.0114221826087698	0.0114221826087698	0.953753358117444	0.0119800940562466	0.0114221826087698	0	0	0	0	0	0	0	0	0	0	0	0	0	0	1	0	0	0	0	0	0	0	2	2	0	0	0	0	0	0	0	0	0	0	0	0	0	1	0	0	0	0	1	1	0	0	0	0	0	0	0	0	1	1	0	2	0	2	0	1	1	0	0	0	1	0	0	1	1	1	0	1	0	1	1	1	2	0	1	2	0	0	0	0	0	2	2	0	2	3	2	0	0	0	2	0	0	0	0	0	0	0	0	0	0	0
"DLBCL_RICOVER_174"	3	0.0110155977314573	0.0110155977314573	0.955381752469373	0.0115714543362547	0.0110155977314573	0	0	0	0	0	0	0	0	0	0	0	0	0	0	0	0	0	0	0	0	0	0	0	0	0	2	0	0	0	0	0	0	0	0	0	0	0	0	0	0	0	0	0	0	1	0	0	0	1	0	1	0	0	0	1	0	0	0	0	1	0	1	1	0	1	1	0	1	0	1	1	1	1	1	0	0	1	0	1	2	0	0	0	0	0	0	0	0	0	0	0	0	0	0	0	0	0	2	0	2	0	0	0	0	0	0
"DLBCL_C_D_1119_NULLPAIR"	3	0.0105401902600379	0.0105401902600379	0.95728592961295	0.0110934996069366	0.0105401902600379	0	0	0	0	0	0	0	0	0	0	0	0	0	0	0	0	0	0	0	0	0	0	0	0	0	0	0	0	0	0	0	0	0	0	0	1	0	0	0	0	0	0	0	0	1	0	1	0	0	0	0	0	0	1	0	0	0	0	0	0	0	0	1	1	1	0	0	1	1	0	0	1	0	0	0	1	0	0	0	0	0	0	0	0	0	0	0	0	0	0	0	0	0	0	0	0	0	0	0	0	0	0	0	2	0	3
"DLBCL_RICOVER_253"	3	0.0101292977432644	0.0101292977432644	0.958931835965402	0.0106802708048048	0.0101292977432644	0	0	0	0	0	0	0	0	0	0	0	0	0	0	0	0	0	0	0	0	0	0	0	0	0	1	0	0	0	0	1	0	0	0	0	0	0	0	0	0	0	0	0	0	0	0	2	0	0	2	1	0	1	0	1	0	0	1	0	2	2	0	1	0	1	0	1	1	0	1	1	1	1	1	1	1	0	0	1	2	0	0	0	0	0	0	2	0	0	0	0	0	0	0	0	0	0	0	0	0	0	0	0	0	0	3
"DLBCL_RICOVER_107"	3	0.0098331912871678	0.0098331912871678	0.960118028169209	0.0103823979692875	0.0098331912871678	0	0	0	0	0	0	0	0	0	0	0	0	0	0	0	0	0	0	0	0	0	0	0	0	0	0	0	0	0	0	0	0	2	0	0	0	0	0	0	0	0	0	0	0	1	1	0	0	1	0	0	0	0	0	1	0	0	0	1	1	0	0	1	0	0	1	2	0	0	1	1	0	1	1	1	0	0	0	1	0	0	0	0	0	0	0	2	0	0	0	0	0	0	0	0	0	0	0	0	0	0	0	0	0	0	0
"DLBCL_LS2258"	3	0.00934733568158533	0.00934733568158533	0.962064509984104	0.00989348297114007	0.00934733568158533	0	0	0	0	0	0	0	0	0	0	0	0	0	0	0	0	0	0	0	0	0	0	0	0	0	0	0	0	0	0	0	0	0	0	0	0	0	0	0	0	0	0	0	0	0	0	0	0	0	0	0	0	0	0	0	0	0	1	1	0	1	0	0	0	1	0	0	1	0	0	0	1	1	0	1	0	0	0	1	2	0	0	0	0	0	0	0	0	0	0	0	0	0	0	0	0	0	0	0	0	0	0	0	0	0	0
"DLBCL_RICOVER_401"	3	0.00796550808609409	0.00874498653328172	0.966765497634132	0.00855849966039807	0.00796550808609409	0	0	0	0	0	0	0	0	0	0	0	0	0	0	0	0	0	0	0	0	0	0	0	0	0	0	0	0	0	0	0	0	0	0	0	0	0	0	0	0	0	0	0	0	0	0	0	0	0	0	1	1	0	1	0	1	1	0	0	0	1	0	0	1	1	0	0	1	0	1	0	1	1	1	1	1	0	0	1	2	0	0	0	0	0	2	2	0	0	3	2	0	0	0	0	0	1	0	0	0	0	0	0	2	0	0
"DFCIDL008_DT"	4	0.0302441238780932	0.0302441238780932	0.45207030357994	0.457197324785781	0.0302441238780932	0	2	0	0	0	0	0	0	0	0	0	0	0	0	0	0	0	0	0	0	0	0	0	0	0	2	0	0	0	0	0	0	0	0	0	0	0	0	0	0	0	2	0	0	0	0	0	0	0	0	0	0	0	0	0	0	0	0	0	0	0	0	0	0	0	0	0	0	0	0	0	0	0	0	0	2	0	0	0	0	0	0	0	0	0	0	2	0	0	0	0	0	0	0	0	0	0	0	0	0	0	0	0	0	0	0
"DLBCL_LS1683"	4	0.0201948242331876	0.0201948242331876	0.466897869117924	0.472517658182514	0.0201948242331876	0	2	0	0	0	0	0	0	0	0	0	0	0	0	0	0	0	0	0	0	0	0	0	0	0	0	0	0	0	0	1	0	0	0	0	1	0	1	0	0	0	2	0	2	0	0	0	0	1	0	0	0	0	0	2	0	0	0	0	0	0	0	0	0	0	0	1	1	0	0	0	0	0	1	0	0	0	0	0	2	0	0	0	0	0	0	2	0	0	0	0	0	0	0	0	0	0	0	0	0	0	0	0	0	0	0
"DLBCL_C_D_1140_NULLPAIR"	4	0.104468458781818	0.104468458781818	0.10457237103553	0.582022252619016	0.104468458781818	0	0	0	0	0	0	0	0	0	0	0	0	0	0	0	0	0	0	0	0	0	0	0	0	0	0	0	0	0	0	0	0	0	0	0	0	0	0	2	0	0	0	0	0	0	0	0	0	0	0	0	0	0	0	0	0	0	0	0	0	0	0	0	0	0	0	0	0	0	0	0	0	0	0	0	0	0	0	0	0	0	0	0	0	0	0	0	0	0	0	0	0	0	0	0	0	0	0	0	0	0	0	0	0	0	0
"DLBCL_C_D_1105_NULLPAIR"	4	0.0606521681561361	0.0431559788542191	0.0433368145222174	0.809699059613208	0.0431559788542191	0	0	0	0	0	0	0	0	0	0	0	1	0	0	0	0	0	0	0	0	0	0	0	0	0	0	0	0	0	0	0	2	0	0	0	1	0	0	0	0	0	0	0	0	0	0	0	0	0	0	0	0	1	0	0	0	0	1	0	0	0	0	0	0	0	0	0	0	0	1	0	0	0	0	0	0	0	0	1	0	0	0	0	0	0	0	2	0	0	0	0	0	2	0	0	0	0	0	0	2	0	0	0	0	0	0
"DLBCL_RICOVER_215"	4	0.0470357008883787	0.0470357008883787	0.0470357008883787	0.811857196446485	0.0470357008883787	0	0	0	0	0	0	0	0	0	0	0	0	0	0	0	0	0	0	0	0	0	0	0	0	0	0	0	0	0	0	0	2	0	1	0	0	0	0	0	0	0	0	0	0	0	0	0	0	0	0	1	0	0	0	0	0	0	0	0	0	0	0	0	0	0	0	0	0	0	0	0	0	0	0	0	0	0	0	0	0	0	0	0	0	0	0	0	0	0	0	0	0	0	0	0	0	0	0	0	0	0	0	0	0	0	0
"DLBCL_LS1546"	4	0.0294195726533941	0.0294195726533941	0.0355481333619806	0.876193148677837	0.0294195726533941	0	0	0	0	0	0	0	0	0	0	0	0	0	0	0	0	0	0	0	0	0	0	0	0	0	0	0	0	0	0	1	0	0	0	0	0	0	2	0	0	0	0	0	2	0	0	1	0	0	0	0	2	1	0	0	0	0	0	0	0	0	0	0	0	1	0	0	0	0	0	0	0	0	0	0	0	0	1	0	0	0	0	0	0	0	0	0	0	0	0	0	0	0	0	0	0	0	0	0	0	0	0	0	0	0	0
"DLBCL_LS3200"	4	0.0288900855863202	0.0288900855863202	0.0290422367391459	0.884287506501893	0.0288900855863202	0	0	0	0	0	0	0	0	0	0	0	0	0	0	0	0	0	0	0	0	0	0	0	0	0	0	2	0	0	1	0	0	0	0	0	0	2	0	0	0	0	0	0	2	0	1	1	0	0	0	0	0	0	0	0	1	0	0	1	0	0	0	0	0	0	0	0	1	0	0	0	0	0	1	0	0	0	0	0	0	0	0	0	0	0	0	0	0	0	0	0	0	0	0	0	0	0	0	0	0	0	0	0	0	0	0
"DLBCL_RICOVER_105"	4	0.0265406912161708	0.0265406912161708	0.0266878028597528	0.893690123491735	0.0265406912161708	0	0	0	0	0	0	0	0	0	0	0	0	0	0	0	0	0	0	0	0	0	0	0	0	0	0	0	0	0	0	0	0	0	0	0	0	0	0	0	0	1	0	0	1	0	0	0	1	0	0	1	0	0	0	0	0	0	0	0	0	0	0	0	0	0	0	0	0	0	0	0	0	0	0	0	1	0	0	1	0	0	0	0	0	0	0	0	0	0	0	0	0	2	0	0	0	0	0	0	0	0	0	0	0	0	0
"DLBCL_C_D_1120_NULLPAIR"	4	0.0260519213915737	0.0260519213915737	0.0260519213915737	0.895792314433705	0.0260519213915737	0	0	0	0	0	0	0	0	0	0	0	0	0	0	0	0	0	0	0	0	0	0	0	0	0	0	0	0	0	0	1	0	0	0	0	0	0	0	0	0	0	2	0	1	0	0	0	0	0	0	1	0	0	0	0	0	0	1	0	0	0	0	0	0	0	0	0	0	0	0	0	1	0	0	0	0	0	0	0	0	0	0	0	0	0	0	2	0	0	0	0	0	0	0	0	0	0	0	0	0	0	0	0	0	0	0
"DLBCL_RICOVER_1032"	4	0.0249551170341227	0.0249551170341227	0.0251069905273352	0.900027658370297	0.0249551170341227	2	2	0	0	0	0	0	0	0	0	0	0	0	0	0	0	0	0	0	0	0	0	0	0	0	2	1	0	0	1	1	0	0	0	2	0	2	0	2	2	1	0	0	0	0	0	1	1	0	0	1	0	0	1	0	1	0	1	1	0	1	0	0	0	0	0	0	0	0	0	0	0	0	0	0	0	0	0	1	2	0	0	0	0	0	0	0	0	0	0	0	0	0	2	0	0	0	0	0	0	0	0	0	0	0	0
"DLBCL_C_D_1145_NULLPAIR"	4	0.0246007519541748	0.0246007519541748	0.0246007519541748	0.901596992183301	0.0246007519541748	0	2	0	0	0	0	0	0	0	0	0	0	0	0	0	0	0	0	0	0	0	0	0	0	0	0	0	0	2	0	0	0	0	0	2	0	0	0	0	0	0	0	1	0	0	0	0	0	0	0	0	0	0	0	0	0	0	0	0	0	0	0	0	0	0	0	0	0	0	0	0	0	0	0	1	1	0	0	0	0	2	0	2	0	0	0	0	0	0	0	0	0	2	2	0	0	0	0	0	0	0	0	0	0	0	0
"DLBCL_LS2208"	4	0.0239541307595318	0.0237239073189438	0.0238807136848775	0.904717340917703	0.0237239073189438	0	0	0	0	0	0	0	0	0	0	0	0	0	0	0	0	0	0	0	0	0	0	0	0	3	1	0	0	0	0	0	0	0	0	0	0	2	0	0	0	1	0	0	0	0	0	0	0	0	0	0	0	0	1	0	0	0	0	0	0	0	0	0	0	0	0	0	0	0	0	0	0	0	0	0	0	0	0	0	0	0	0	0	0	0	0	0	0	0	0	0	0	0	0	0	0	0	0	0	0	0	0	0	0	0	0
"DLBCL_MC_F089_MLB"	4	0.0209558679505838	0.0209558679505838	0.0211067562392052	0.916025639909043	0.0209558679505838	0	0	0	0	0	0	0	0	0	0	0	2	0	0	0	0	0	0	0	0	0	0	0	0	0	0	0	0	0	1	1	0	0	0	0	0	2	0	0	0	1	0	0	0	0	0	0	0	0	0	0	0	0	0	0	0	0	0	0	0	0	0	0	0	0	0	0	1	0	0	0	0	0	0	0	0	0	0	0	0	0	0	0	0	0	0	0	0	0	0	0	0	0	0	0	0	0	0	0	0	0	0	0	0	0	0
"DLBCL_LS148"	4	0.0207293064601086	0.0207293064601086	0.0208752070999867	0.916936873519687	0.0207293064601086	0	0	0	0	0	0	0	0	0	0	0	0	2	0	0	0	0	0	0	0	0	0	0	0	3	0	0	0	0	0	0	1	0	0	0	0	0	0	0	0	0	2	0	2	0	0	0	0	0	0	2	0	0	0	0	0	0	0	0	0	0	0	0	0	0	0	0	0	0	0	0	0	0	0	0	0	0	0	0	0	0	0	0	0	0	0	0	0	0	0	0	0	0	0	0	0	0	0	0	0	0	0	0	0	0	0
"DLBCL_RICOVER_150"	4	0.0206030944146282	0.0206030944146282	0.0206030944146282	0.917587622341487	0.0206030944146282	0	0	0	0	0	0	2	0	0	0	0	0	0	2	0	0	0	0	0	0	0	0	0	0	0	0	0	0	2	0	1	0	0	1	0	0	2	1	0	2	0	2	0	2	0	0	1	1	1	0	0	1	0	0	0	0	0	1	0	1	0	0	0	0	0	1	0	0	0	0	1	0	1	0	0	0	0	0	1	0	0	0	0	0	0	0	0	0	0	0	0	0	0	0	0	0	0	0	0	0	0	0	0	0	0	0
"DLBCL_C_D_1144_NULLPAIR"	4	0.0204846954830011	0.0204846954830011	0.0204846954830011	0.918061218067996	0.0204846954830011	1	0	0	0	0	2	0	0	0	0	0	0	0	0	0	0	0	0	0	0	0	0	0	0	0	0	0	2	2	1	0	0	0	0	0	1	0	0	0	0	0	2	0	1	0	0	0	0	0	0	0	0	0	0	1	0	0	0	0	0	0	0	0	0	0	0	0	0	0	0	0	0	0	0	0	0	0	0	0	2	0	0	0	0	0	0	0	0	0	0	0	0	0	0	0	0	0	0	0	0	0	0	0	0	0	0
"DLBCL_RICOVER_704"	4	0.0197600840345565	0.0197600840345565	0.0197600840345565	0.920959663861774	0.0197600840345565	0	0	0	0	0	0	0	0	0	0	0	0	0	0	0	0	0	0	0	0	0	0	0	0	0	2	0	2	0	1	0	0	0	0	0	0	0	0	0	0	2	0	0	0	0	0	0	0	1	0	0	0	0	0	0	0	0	0	0	0	0	0	0	0	0	0	0	0	0	0	0	0	0	0	0	0	0	0	0	0	0	0	0	0	0	0	0	0	0	0	0	0	0	0	0	0	0	0	0	0	2	0	0	0	0	0
"DLBCL_LS4085"	4	0.0194466920012215	0.0194466920012215	0.019596977335477	0.922062946660859	0.0194466920012215	0	0	0	0	0	0	0	0	0	0	0	0	0	1	0	0	0	0	0	0	0	0	0	0	0	0	0	0	0	0	0	2	0	0	0	0	2	1	0	0	1	0	0	1	0	1	0	0	0	0	0	0	1	0	0	0	0	1	0	0	1	0	0	0	0	0	0	0	0	0	0	0	0	0	0	0	0	0	0	0	0	2	0	0	0	0	0	0	2	0	0	0	0	0	0	0	0	0	0	0	0	0	0	0	0	0
"DLBCL_RICOVER_467"	4	0.0185999752308346	0.0185999752308346	0.0187449801081437	0.925455094199352	0.0185999752308346	0	0	0	0	0	0	0	0	0	0	0	0	0	0	0	0	0	0	0	0	0	0	0	0	0	0	0	2	0	2	1	0	0	0	2	0	0	0	2	0	1	0	1	2	0	1	1	0	0	0	0	0	1	1	0	0	0	1	0	1	0	0	0	0	0	0	0	0	0	1	0	0	0	0	1	0	0	0	1	2	0	0	0	0	0	0	2	0	0	0	0	3	0	0	0	3	0	0	0	0	0	0	0	0	0	0
"DLBCL_RICOVER_173"	4	0.0185966584070242	0.0185966584070242	0.0185966584070242	0.925613366371903	0.0185966584070242	0	0	0	0	0	0	0	0	0	0	0	0	0	0	2	0	0	0	0	0	0	0	0	0	0	0	2	2	0	0	0	0	0	0	0	0	0	0	2	2	0	0	0	0	0	0	0	0	0	0	0	0	0	0	0	0	0	0	0	0	0	0	0	0	0	0	0	0	0	0	0	0	0	0	0	0	0	0	0	0	0	0	0	0	0	0	0	0	0	0	0	0	0	0	0	0	0	0	0	0	0	0	0	0	0	0
"DLBCL_RICOVER_314"	4	0.0142776495520057	0.0142776495520057	0.0309015018409972	0.926265549502986	0.0142776495520057	0	2	0	0	0	0	0	0	0	0	0	0	2	0	0	0	0	0	0	0	0	0	0	0	0	0	0	0	0	0	0	0	0	0	0	0	1	0	0	0	1	0	1	1	0	0	0	0	0	0	0	0	0	1	0	1	0	0	0	0	0	0	0	0	0	0	0	0	0	0	0	0	0	0	0	0	0	0	0	2	0	0	2	0	0	0	0	0	0	0	0	0	0	0	0	0	0	0	0	0	0	0	0	0	0	0
"DLBCL_RICOVER_1287"	4	0.0183782052744117	0.0183782052744117	0.0185279722213734	0.926337411955392	0.0183782052744117	0	0	0	0	0	0	0	0	0	0	0	0	0	0	0	0	0	0	0	0	0	0	0	0	0	0	0	0	0	0	0	0	0	0	0	0	0	1	0	0	0	0	0	1	0	0	0	0	0	0	0	0	0	0	0	0	0	0	0	0	0	0	0	0	0	0	0	0	0	1	0	0	0	0	0	0	0	0	0	0	0	0	0	0	0	0	0	0	0	0	0	0	0	0	0	0	0	0	0	0	0	0	0	0	0	0
"DLBCL_LS1304"	4	0.0179558990684406	0.0179558990684406	0.0185971656025157	0.927535137192163	0.0179558990684406	0	0	0	0	0	0	0	0	0	0	0	0	0	0	0	0	0	0	0	0	0	0	0	0	3	0	0	0	0	0	0	2	0	0	0	0	0	0	0	0	1	2	0	0	0	0	0	0	0	0	0	0	0	0	0	0	0	0	0	0	0	0	0	0	0	0	0	0	0	0	0	0	0	0	0	0	0	0	0	0	0	0	0	0	0	0	0	0	0	3	0	0	0	0	0	0	0	0	0	0	0	0	0	0	0	0
"DLBCL_RICOVER_763"	4	0.0177220326159071	0.0177220326159071	0.01787143978146	0.928962462370819	0.0177220326159071	0	0	0	0	0	0	0	0	0	0	0	0	0	0	0	0	0	0	0	2	0	0	0	0	0	0	2	0	0	0	0	0	0	1	0	0	0	0	0	0	1	2	0	1	0	0	0	0	0	0	0	0	1	0	0	1	0	0	0	0	0	0	0	0	1	0	0	0	0	1	1	1	1	0	0	0	0	0	1	0	0	0	0	0	0	0	0	0	0	0	0	0	0	0	0	0	0	0	0	0	0	0	0	0	0	0
"DLBCL_RICOVER_1190"	4	0.0176367544034761	0.0176367544034761	0.0177861123603799	0.929303624429192	0.0176367544034761	0	0	0	0	0	0	0	0	0	0	0	0	0	0	0	0	0	0	0	0	0	0	0	0	0	0	0	0	2	0	0	0	0	0	0	0	0	1	0	0	1	0	0	1	0	0	0	0	0	0	1	0	0	0	1	0	0	0	0	0	0	0	0	0	0	0	0	0	0	0	0	0	0	0	0	0	0	0	0	0	0	0	0	0	0	0	0	0	2	0	0	0	0	0	0	0	0	0	0	0	0	0	0	0	0	3
"DLBCL_C_D_1142_NULLPAIR"	4	0.0174261177313014	0.0174261177313014	0.0175753516517941	0.930146295154302	0.0174261177313014	0	0	0	0	0	0	0	0	0	0	0	0	2	0	0	0	0	0	0	0	0	0	0	0	0	0	0	0	0	1	0	0	0	0	0	1	0	0	0	0	1	0	0	2	0	0	0	0	0	0	0	0	0	0	0	0	0	1	0	0	0	0	0	0	0	0	0	0	0	1	0	0	0	0	0	0	0	0	1	0	0	0	0	0	0	0	0	0	0	0	0	0	0	0	0	0	0	0	0	0	0	0	0	0	0	0
"DLBCL_RICOVER_506"	4	0.0172515359871084	0.0172515359871084	0.017400664372327	0.930844727666348	0.0172515359871084	0	0	0	0	0	0	0	0	0	0	0	0	0	0	0	0	0	0	0	0	0	0	0	0	0	0	0	0	2	0	0	0	0	1	0	0	2	1	0	0	1	2	0	1	1	0	0	0	0	0	0	0	1	1	0	0	0	0	0	1	1	0	0	0	0	1	1	0	1	1	0	0	0	0	1	1	0	1	0	0	0	0	0	0	0	0	0	0	0	0	0	0	0	0	0	0	0	0	0	0	0	0	0	0	0	0
"DLBCL_RICOVER_431"	4	0.0171101116062555	0.0171101116062555	0.0171101116062555	0.931559553574978	0.0171101116062555	2	0	2	0	0	0	0	0	0	2	0	0	2	0	0	0	0	0	0	0	0	0	0	0	0	1	0	0	2	1	0	0	2	0	0	0	2	0	0	2	1	2	1	0	0	0	0	0	1	0	0	0	1	0	0	0	0	0	0	0	1	0	0	0	0	0	0	0	1	0	1	0	0	0	1	0	0	0	0	0	0	0	0	0	0	0	0	0	0	0	0	0	0	2	0	0	0	0	0	0	0	0	0	0	0	0
"DLBCL_RICOVER_1237"	4	0.0166878521369019	0.0166878521369019	0.0168366223283572	0.933099821260937	0.0166878521369019	0	0	0	0	0	0	0	0	0	0	0	0	0	0	0	0	0	0	0	0	0	0	0	0	0	0	2	0	0	0	0	0	0	0	0	0	0	0	0	2	0	0	0	2	0	0	0	0	0	0	0	0	0	0	0	0	0	1	0	0	0	0	0	0	0	0	0	0	0	1	0	0	0	1	0	0	0	0	0	0	0	0	0	0	0	0	0	0	0	0	0	0	0	0	0	0	0	0	0	0	0	0	0	0	0	0
"DLBCL_RICOVER_1204"	4	0.0164378986879449	0.0164378986879449	0.0164378986879449	0.93424840524822	0.0164378986879449	2	0	0	2	0	0	0	0	0	0	0	2	0	0	2	0	0	0	0	0	0	0	2	0	0	0	1	0	0	0	0	2	0	0	0	1	2	0	2	0	0	2	1	2	1	0	1	0	0	0	0	0	0	1	0	0	0	0	0	1	0	0	0	0	0	0	0	0	0	0	0	0	0	0	0	1	0	0	0	0	0	0	0	2	0	0	2	0	0	0	0	0	0	0	0	0	0	0	0	0	0	0	0	0	0	0
"DLBCL_RICOVER_1106"	4	0.0163821049714004	0.0163821049714004	0.0163821049714004	0.934471580114398	0.0163821049714004	2	0	0	2	2	0	0	0	0	0	0	0	0	0	0	0	0	0	0	0	0	0	2	0	0	0	0	0	0	1	0	0	0	0	2	1	2	2	0	2	0	2	0	2	0	0	0	0	1	0	1	0	0	0	1	0	0	0	0	0	1	0	0	0	0	0	0	1	0	0	0	0	0	0	0	0	0	0	0	0	0	0	0	2	0	0	0	0	0	0	0	0	0	0	0	0	0	0	0	0	0	0	0	0	0	0
"DLBCL_RICOVER_1257"	4	0.0160410995232025	0.0160410995232025	0.0161894243044171	0.935687277125975	0.0160410995232025	0	0	0	0	0	0	0	0	0	0	0	0	0	0	0	0	0	0	0	0	0	0	2	0	0	0	2	2	0	0	1	0	0	1	0	0	0	0	0	0	0	0	0	2	0	0	1	0	0	0	0	0	0	0	0	0	0	0	0	0	0	0	0	0	0	0	0	0	0	0	0	0	0	0	0	1	0	0	0	0	0	0	0	0	0	0	0	0	0	0	0	0	0	0	0	0	0	0	0	0	0	0	0	0	0	0
"DLBCL_RICOVER_583"	4	0.0158125397050524	0.0158125397050524	0.0164062995909431	0.9361560812939	0.0158125397050524	0	0	0	0	0	0	0	0	0	0	0	0	0	0	0	0	0	0	0	0	0	0	0	0	3	0	0	0	0	0	0	0	0	0	0	0	0	1	0	0	1	0	0	1	0	0	0	0	2	0	0	0	0	1	0	0	0	0	0	0	0	0	0	0	0	0	0	0	0	0	0	0	0	0	0	0	0	0	0	0	0	0	0	0	0	0	0	0	0	0	0	0	0	0	0	0	0	0	0	0	0	0	0	0	0	0
"DLBCL_RICOVER_99"	4	0.0159131459017419	0.0159131459017419	0.0160613779929886	0.936199184301786	0.0159131459017419	0	0	0	0	0	0	0	0	0	0	0	0	0	0	0	0	0	0	0	0	0	0	0	0	0	0	0	0	0	1	0	0	0	0	0	0	0	0	0	2	1	2	0	1	0	0	0	0	0	0	0	0	1	0	0	0	0	0	0	0	0	0	0	0	0	0	0	0	0	0	0	0	0	0	0	0	0	0	0	0	0	0	0	0	0	0	0	0	0	0	0	0	2	2	0	0	0	0	0	0	0	0	0	0	0	0
"DLBCL_RICOVER_1248"	4	0.015839429398526	0.015839429398526	0.0159876073827257	0.936494104421696	0.015839429398526	0	0	0	0	0	0	0	0	0	0	0	0	2	0	0	0	0	0	0	0	0	0	0	0	0	0	0	0	0	0	1	0	0	1	0	1	2	0	2	2	2	0	0	2	0	0	0	1	0	0	1	0	0	0	0	1	0	1	0	0	1	0	0	0	0	0	0	0	0	1	0	0	0	0	0	0	0	0	0	0	0	0	0	0	0	0	0	0	0	0	0	0	2	2	0	0	0	0	0	0	0	0	0	0	0	3
"DLBCL_RICOVER_685"	4	0.015366327735252	0.015366327735252	0.015366327735252	0.938534689058992	0.015366327735252	0	0	0	0	0	0	0	0	0	0	0	0	0	2	0	0	0	0	0	0	0	0	0	0	0	0	2	0	2	0	1	0	2	0	2	0	2	0	2	2	0	2	0	0	0	0	0	0	1	0	0	1	0	0	0	0	0	0	0	1	1	0	0	0	0	0	0	1	0	1	0	0	0	0	0	0	0	0	0	0	0	0	0	0	0	0	0	0	0	0	0	0	0	2	0	0	0	0	0	0	0	0	0	0	0	0
"DLBCL_RICOVER_1329"	4	0.0153000746681625	0.0153000746681625	0.0154430324520076	0.938656743543505	0.0153000746681625	0	0	0	0	0	0	0	0	0	0	0	0	0	0	0	0	0	0	0	0	0	0	0	0	0	0	0	0	0	0	0	0	0	0	0	0	0	1	0	2	1	0	0	1	0	0	0	1	0	0	0	0	0	0	0	0	0	0	0	0	0	0	0	0	1	0	0	0	1	0	0	0	1	0	0	1	0	0	0	0	0	0	0	0	0	0	0	0	0	0	0	0	0	2	0	0	0	0	0	0	0	0	0	0	0	0
"DLBCL_RICOVER_224"	4	0.0148452183293102	0.0148452183293102	0.0148452183293102	0.940619126682759	0.0148452183293102	0	0	0	0	0	0	0	0	0	0	0	0	0	0	0	0	0	0	0	0	0	0	0	0	0	1	0	2	0	0	0	0	0	0	0	0	1	0	0	0	2	2	1	0	0	0	0	0	2	0	0	0	0	1	0	0	0	0	0	0	0	0	0	0	0	0	0	0	0	0	0	0	0	0	0	0	0	0	0	0	2	0	0	0	0	0	0	0	0	0	0	0	0	0	0	0	0	0	0	0	0	0	0	0	0	0
"DLBCL_RICOVER_1289"	4	0.0148426180987892	0.0148426180987892	0.0148426180987892	0.940629527604843	0.0148426180987892	2	2	0	0	0	0	2	0	0	0	0	2	0	0	0	0	2	0	0	0	0	0	0	0	0	0	2	0	0	0	0	0	2	0	0	0	2	0	2	2	0	2	0	0	0	0	0	0	0	0	0	0	0	0	0	0	0	0	0	0	0	0	0	0	0	0	0	0	1	0	0	0	0	0	1	0	0	0	0	0	0	0	0	0	0	0	0	0	2	0	0	0	0	0	0	0	0	0	0	0	0	0	0	0	0	0
"DLBCL_LS2596"	4	0.0145199372486998	0.0145199372486998	0.0146670541805751	0.941773134073326	0.0145199372486998	0	0	0	0	0	0	0	0	0	0	0	0	0	1	0	0	0	0	0	0	0	0	0	0	0	0	0	0	0	0	0	0	0	0	0	0	2	1	0	2	0	2	0	1	0	0	0	0	0	0	0	1	0	1	0	0	0	0	0	0	0	0	0	0	0	0	0	1	1	0	0	0	0	0	0	0	0	0	0	0	0	0	0	0	0	0	2	0	0	0	0	0	0	2	0	0	0	0	0	0	0	0	0	0	0	0
"DLBCL_MC_F339_JPS2"	4	0.0138080376425538	0.0138080376425538	0.0139545030320509	0.944621384040288	0.0138080376425538	0	0	0	0	0	0	0	0	0	0	1	0	0	0	0	0	0	0	0	0	0	0	0	0	0	0	0	0	0	0	0	2	0	0	0	0	1	1	2	0	1	0	0	1	0	0	0	1	0	0	0	0	0	0	0	0	0	0	0	1	0	0	0	0	0	0	0	0	0	0	0	0	0	0	0	0	0	1	0	0	0	2	0	0	0	0	0	0	0	0	0	3	0	2	0	0	0	0	0	0	2	0	0	0	0	0
"DLBCL_RICOVER_417"	4	0.0134099830654927	0.0134099830654927	0.0135560575004985	0.946213993303024	0.0134099830654927	0	0	0	0	0	0	0	0	0	0	0	0	0	0	0	0	0	0	0	0	0	0	0	0	0	0	1	2	0	2	0	0	0	0	0	0	2	0	0	2	0	2	0	1	0	0	0	0	0	0	0	1	0	0	0	1	0	1	0	0	0	0	0	0	0	0	0	0	0	0	0	0	0	0	0	0	0	0	0	0	0	0	0	0	0	0	0	0	0	0	0	0	0	0	0	3	0	0	0	0	0	0	0	0	0	0
"DLBCL_RICOVER_1219"	4	0.0132537491306922	0.0132537491306922	0.0132537491306922	0.946985003477231	0.0132537491306922	0	0	0	0	2	0	0	0	0	0	0	0	2	0	0	0	0	0	0	0	0	0	0	0	0	0	0	0	2	0	0	0	0	1	2	0	2	1	0	2	0	0	0	1	0	0	1	0	0	0	0	0	0	0	0	0	0	0	0	0	0	0	0	0	0	0	0	1	0	0	0	0	0	0	0	0	0	0	0	0	0	0	0	0	0	0	0	0	0	0	0	0	0	0	0	0	0	0	0	0	0	0	0	0	0	0
"DLBCL_RICOVER_543"	4	0.0131222284957038	0.0131222284957038	0.0132680076759527	0.947365306836936	0.0131222284957038	0	0	0	0	0	0	0	0	0	0	0	0	0	0	0	0	0	0	0	0	0	0	0	0	0	0	2	0	0	0	0	0	0	1	0	0	0	1	0	0	1	0	0	1	0	0	0	0	0	0	1	0	0	0	0	0	0	0	0	0	0	0	0	0	0	0	0	0	0	0	0	0	0	0	0	0	0	0	0	0	0	0	0	0	0	0	0	0	0	0	0	0	0	0	0	0	0	0	0	0	0	0	0	0	0	0
"DLBCL_RICOVER_712"	4	0.0131193582366954	0.0131193582366954	0.0131193582366954	0.947522567053218	0.0131193582366954	0	0	0	0	0	0	0	0	0	0	2	0	0	0	0	0	0	0	0	0	0	0	0	0	0	0	2	2	0	1	0	0	0	0	0	0	0	1	0	0	1	0	0	1	0	0	0	1	0	0	0	0	0	0	0	0	0	0	0	0	1	0	0	0	0	0	0	0	0	0	0	0	0	0	0	0	0	0	0	0	0	0	0	0	0	0	0	0	0	0	0	0	0	0	0	0	0	0	0	0	0	0	0	0	0	0
"DLBCL_RICOVER_1278"	4	0.0130467416630802	0.0130467416630802	0.0130467416630802	0.947813033347679	0.0130467416630802	1	0	0	0	0	0	0	0	0	2	2	2	0	1	2	0	0	0	0	0	0	0	0	0	0	0	2	0	2	0	0	0	2	0	0	1	2	1	1	2	0	0	0	1	0	1	0	0	0	0	0	0	0	0	0	0	0	0	0	0	0	0	0	0	0	0	0	0	0	0	0	0	0	0	0	0	0	0	0	2	0	0	0	0	0	0	0	0	0	0	1	0	0	2	0	0	0	0	0	0	0	0	2	0	0	0
"DLBCL_RICOVER_1192"	4	0.0123114512287226	0.0123114512287226	0.0124563375247416	0.950609308789091	0.0123114512287226	0	0	0	0	0	0	0	0	0	0	0	0	0	0	0	0	0	0	0	0	0	0	0	0	0	0	2	0	0	0	0	0	0	0	0	0	2	2	0	2	0	2	1	2	0	0	1	0	0	0	0	1	0	0	0	0	0	0	0	0	0	0	1	0	0	0	0	0	0	0	0	0	0	0	0	0	0	0	0	0	0	0	0	0	0	0	2	0	0	0	0	0	0	0	0	0	0	0	0	0	0	0	0	0	0	0
"DLBCL_C_D_1104_NULLPAIR"	4	0.0120020858571291	0.0120020858571291	0.0121466061367171	0.951847136291896	0.0120020858571291	0	0	0	0	0	0	0	0	0	0	0	0	0	0	0	0	0	0	0	0	0	0	0	0	0	0	1	0	0	0	0	0	0	1	0	0	0	1	0	2	0	2	0	1	0	0	0	0	0	0	1	0	0	0	0	0	0	0	0	0	0	0	0	0	0	0	0	1	0	0	0	0	0	0	0	0	0	0	1	2	0	0	0	0	0	0	0	0	0	0	0	0	0	0	0	0	0	0	0	0	0	0	0	0	0	0
"DLBCL_RICOVER_585"	4	0.011960011395691	0.011960011395691	0.0121044807546412	0.952015485058286	0.011960011395691	0	0	0	0	0	0	0	0	0	1	0	0	2	0	0	0	0	0	0	0	0	0	0	0	0	0	2	0	0	1	1	0	0	0	0	1	1	1	2	2	0	2	0	1	0	0	0	0	0	0	1	1	0	0	0	0	0	1	0	0	1	0	0	0	0	0	0	0	0	0	0	0	0	0	0	1	0	0	0	0	0	0	0	0	0	0	0	0	0	0	0	3	0	0	0	0	0	0	0	0	0	0	0	0	0	3
"DLBCL_RICOVER_1293"	4	0.011984730792112	0.011984730792112	0.011984730792112	0.952061076831552	0.011984730792112	0	0	0	0	0	0	0	0	0	0	0	0	0	2	0	0	0	0	0	0	0	0	0	0	0	0	0	0	0	0	0	0	2	1	2	0	2	0	2	2	0	2	0	1	0	1	0	0	0	0	0	1	0	0	0	0	0	0	0	0	1	0	0	0	0	0	0	0	0	0	0	0	0	0	0	0	0	0	0	0	0	0	0	0	0	0	0	0	0	0	0	0	0	2	0	0	0	0	2	0	0	0	0	0	0	0
"DLBCL_RICOVER_773"	4	0.011850842904104	0.011850842904104	0.0119904813135114	0.952456989974177	0.011850842904104	0	0	0	0	0	0	0	0	0	0	0	0	0	0	0	0	0	0	0	0	0	0	0	0	0	0	0	0	0	0	0	0	0	1	2	0	0	1	0	2	0	0	1	1	0	0	0	0	0	0	0	0	0	0	0	1	0	0	0	1	1	0	0	0	0	0	0	0	0	0	0	0	0	0	1	0	0	1	0	0	0	0	0	0	0	0	2	0	2	0	0	0	0	0	0	0	0	0	0	0	0	0	0	0	0	0
"DLBCL_RICOVER_221"	4	0.0114835766299504	0.0114835766299504	0.0116274495157277	0.953921820594421	0.0114835766299504	0	0	0	0	0	0	0	0	0	0	0	0	0	0	0	0	0	0	0	0	0	0	2	0	0	0	0	2	0	0	0	2	0	0	0	1	2	1	0	0	1	0	1	1	0	0	0	1	0	0	0	0	0	1	0	0	0	0	1	0	0	0	0	0	0	0	0	0	0	0	0	0	0	0	0	0	0	0	0	0	0	0	0	0	0	0	0	0	2	0	0	0	0	0	0	0	0	0	0	0	0	0	0	0	0	0
"DLBCL_C_D_1166_NULLPAIR"	4	0.0108123256297751	0.0108123256297751	0.0109552922726962	0.956607730837979	0.0108123256297751	0	0	0	0	0	0	0	0	0	0	0	0	0	0	0	0	0	0	0	0	0	0	0	0	0	0	0	2	0	1	0	0	0	0	0	0	0	2	0	0	2	2	1	2	0	0	0	1	0	0	0	0	0	0	0	0	0	0	1	0	0	0	0	0	0	0	0	0	0	1	0	0	0	0	0	0	0	0	1	2	0	0	0	0	0	0	2	0	0	0	0	0	0	0	0	0	0	0	0	0	0	0	0	0	0	0
"DLBCL_RICOVER_720"	4	0.0105684573522443	0.0105684573522443	0.0107110742237617	0.957583553719505	0.0105684573522443	0	0	0	0	0	0	0	0	0	0	0	0	0	0	0	0	0	0	0	0	0	0	0	0	0	0	0	0	0	0	1	0	0	1	2	0	2	1	0	2	1	2	0	1	0	1	0	0	0	0	0	0	0	1	0	1	0	1	0	0	0	0	0	0	0	0	0	0	0	0	0	0	0	1	0	0	0	0	0	0	0	2	0	0	0	0	0	0	0	0	0	0	0	0	0	0	0	0	0	0	0	0	0	0	0	3
"DLBCL_RICOVER_850"	4	0.010375006998585	0.010375006998585	0.0105173381455609	0.958357640858684	0.010375006998585	0	0	0	0	0	0	0	0	0	0	0	0	0	2	0	0	0	0	0	0	0	0	0	0	0	0	2	0	0	0	0	0	0	0	2	0	2	0	0	2	1	2	1	0	0	0	0	0	0	0	0	0	0	2	0	0	0	0	0	0	2	0	0	0	0	0	1	0	0	0	0	0	1	0	0	0	1	0	0	0	0	0	0	0	0	0	0	0	0	0	0	0	0	0	0	0	0	0	0	0	0	0	0	0	0	0
"DLBCL_C_D_1125_NULLPAIR"	4	0.0103059151762326	0.0103059151762326	0.0104481424517766	0.958634112019526	0.0103059151762326	0	0	0	0	0	0	0	0	0	2	0	0	0	0	0	0	0	0	0	0	0	0	0	0	0	0	1	0	0	2	1	0	2	0	0	1	1	1	2	2	0	2	0	1	0	0	0	0	1	0	0	0	0	0	0	0	0	1	0	0	0	0	0	0	0	0	0	0	0	0	0	1	0	0	0	0	0	0	0	0	0	0	0	0	0	0	0	0	0	0	1	0	0	0	0	0	0	0	0	0	0	0	0	0	0	0
"DLBCL_LS1583"	4	0.0102624982436117	0.0102624982436117	0.0104046597472598	0.958807845521905	0.0102624982436117	0	0	0	0	0	0	0	0	0	0	2	0	0	0	0	0	0	0	0	0	0	0	1	0	0	0	0	0	0	0	0	0	2	1	2	1	2	1	0	2	0	0	0	1	0	0	0	0	0	0	0	0	0	0	0	0	0	0	0	0	0	0	0	0	0	1	0	1	2	0	0	0	0	0	0	0	0	0	0	0	0	0	0	0	0	0	2	0	0	0	0	0	0	0	0	0	0	0	0	0	0	0	0	0	0	0
"DLBCL_RICOVER_449"	4	0.0100126604125153	0.0100126604125153	0.0101544357861318	0.959807582976322	0.0100126604125153	0	0	0	0	0	0	0	0	0	0	2	0	0	0	0	0	0	0	0	0	0	0	0	0	0	0	2	0	2	1	0	0	0	0	2	0	1	1	0	2	0	2	0	1	0	1	0	0	0	0	0	0	0	0	0	0	0	0	0	0	0	0	0	0	0	0	0	0	0	0	1	0	0	0	1	0	0	0	0	0	0	0	0	0	0	0	2	0	0	0	0	0	0	0	0	0	0	0	0	0	0	0	0	0	0	3
"DLBCL_RICOVER_956"	4	0.010010258990928	0.010010258990928	0.0101520305887205	0.959817192438495	0.010010258990928	0	0	0	0	0	0	0	0	0	0	0	0	0	0	0	0	0	0	0	0	0	0	0	0	0	0	0	0	0	0	0	0	0	0	0	0	2	1	0	0	1	0	1	1	0	0	0	0	0	0	0	0	0	0	0	0	0	0	0	1	0	0	0	0	0	0	0	0	0	0	0	0	0	0	0	0	0	1	0	0	0	0	0	0	0	0	0	0	0	0	0	0	0	0	0	0	0	0	0	0	0	0	0	0	0	0
"DLBCL_RICOVER_134"	4	0.0097217692957833	0.0097217692957833	0.00986307808434136	0.960971614028309	0.0097217692957833	0	0	0	0	0	0	0	0	0	0	0	0	2	0	0	0	0	0	0	0	0	0	0	0	0	0	2	0	2	1	0	0	0	0	0	0	2	2	2	2	2	0	0	2	0	0	0	0	2	0	0	0	0	0	0	0	0	0	0	0	0	1	0	0	0	0	0	0	0	0	0	0	1	0	0	0	0	0	1	0	0	0	0	0	0	0	0	0	2	0	0	0	0	2	0	0	0	0	0	0	0	0	0	0	0	0
"DLBCL_C_D_1163_NULLPAIR"	4	0.00880300652092746	0.00880300652092746	0.00880300652092746	0.96478797391629	0.00880300652092746	0	2	0	0	0	0	0	0	0	0	0	0	0	2	2	0	0	0	0	0	0	0	0	0	0	0	2	0	2	0	0	0	0	2	2	0	2	0	2	2	0	2	0	0	0	0	0	0	0	0	0	0	0	0	0	0	0	0	0	0	0	0	0	0	0	0	0	0	0	0	0	0	0	0	0	0	0	0	0	0	0	0	0	0	0	0	0	0	0	0	0	0	0	0	0	0	0	0	0	0	0	0	0	0	0	0
"DLBCL_MC_F519_ALT"	4	0.00849691951376175	0.00849691951376175	0.00863603944870157	0.965873202010013	0.00849691951376175	0	0	0	0	0	0	0	0	0	0	0	0	0	0	0	0	0	0	0	0	0	0	0	0	0	0	0	2	0	1	0	0	0	0	0	0	2	1	0	0	1	0	0	1	0	0	0	0	0	0	0	0	0	0	0	0	0	0	0	0	0	0	0	0	0	0	0	0	0	0	0	0	0	0	0	1	0	0	0	0	0	0	0	0	0	0	0	0	0	0	0	0	2	0	0	0	0	0	0	0	0	0	0	0	0	0
"DLBCL_C_D_1124_NULLPAIR"	4	0.00796969522045385	0.00796969522045385	0.00796969522045385	0.968121219118185	0.00796969522045385	0	0	0	0	2	0	0	0	0	2	0	0	0	0	1	0	0	0	0	0	0	0	0	0	0	0	2	0	0	0	0	0	0	2	0	0	1	1	2	2	1	2	0	1	0	0	0	0	0	0	0	0	0	0	0	0	0	0	0	0	0	0	0	0	0	0	0	0	0	0	0	0	0	0	0	0	0	0	0	0	0	0	0	0	0	0	0	0	0	0	2	0	0	2	0	0	0	0	0	0	0	0	0	0	0	0
"DLBCL_C_D_1138_NULLPAIR"	5	0.0678863145319265	0.397088593990368	0.0678863145319265	0.0678863145319265	0.399252462413852	2	0	0	0	0	0	0	2	0	0	0	0	0	0	0	0	0	0	0	0	0	0	0	0	0	0	0	0	0	0	0	0	0	0	0	0	0	1	0	0	1	0	0	1	0	0	0	0	0	0	0	0	0	0	0	1	0	0	0	0	0	0	0	0	0	1	0	0	0	0	0	0	0	0	0	0	0	0	0	0	0	0	2	0	0	2	0	0	0	0	0	0	0	0	0	0	0	0	0	0	0	0	0	0	0	0
"DLBCL_MAYO_DLBCL_3653"	5	0.431692216460272	0.0434795664715695	0.0434795664715695	0.0434795664715695	0.437869084125019	0	0	0	0	0	2	0	0	0	0	0	0	0	0	0	0	0	0	0	0	1	0	0	0	0	0	0	2	0	0	0	0	0	0	0	0	0	0	0	0	0	0	0	0	0	0	0	0	0	0	0	0	0	0	0	1	0	0	0	0	0	0	0	0	0	0	0	0	0	0	0	0	0	0	0	0	0	0	0	0	0	0	0	0	0	0	0	0	0	0	0	0	0	0	0	0	0	0	0	0	0	0	0	0	0	0
"DLBCL_RICOVER_1081"	5	0.0481710679577616	0.0460338832954378	0.0457992055784692	0.124511216876651	0.73548462629168	1	0	2	0	0	0	0	0	0	0	0	0	0	2	0	2	0	0	0	0	0	0	0	0	0	0	2	0	0	0	0	2	0	0	0	0	0	0	0	0	0	0	0	0	1	0	1	0	0	0	0	1	0	0	0	0	0	0	0	0	0	0	0	0	0	0	0	0	0	0	0	0	0	0	0	0	0	0	0	0	0	0	0	0	0	0	2	0	2	0	0	0	0	0	0	0	0	0	0	0	0	2	0	0	2	0
"DLBCL_RICOVER_102"	5	0.0630638849657892	0.0613634049992802	0.0613189100008851	0.061176364233272	0.753077435800773	0	0	0	0	0	0	0	0	0	0	0	0	0	2	0	0	0	0	2	0	0	0	0	0	0	0	0	0	0	0	0	0	0	0	0	0	0	0	0	0	0	0	0	0	0	0	0	0	0	0	0	0	0	0	0	0	0	0	0	0	0	0	0	0	0	0	0	0	0	0	0	0	0	0	0	0	0	0	0	0	0	0	0	0	0	0	0	0	0	0	0	0	0	0	2	0	0	0	0	0	0	0	0	0	0	0
"DLBCL_RICOVER_408"	5	0.0532100703862371	0.0629018819984557	0.0529869212065302	0.0529869212065302	0.777914205202247	0	0	0	0	0	2	0	0	2	0	0	0	0	0	0	0	0	0	0	0	0	0	0	0	0	0	0	0	0	0	0	0	0	0	0	0	0	0	0	0	1	0	0	0	0	0	0	0	0	0	0	0	0	0	0	0	0	0	0	1	1	0	0	0	1	0	2	0	0	0	0	0	0	0	0	0	2	0	0	0	0	0	0	0	0	2	0	0	0	0	0	0	0	0	0	0	0	0	0	0	0	0	0	0	0	0
"DLBCL_LS3808"	5	0.0273278244871826	0.0270753582746104	0.0270753582746104	0.134301189931414	0.784220269032182	0	2	0	0	0	0	0	0	0	0	0	0	0	0	0	0	0	2	0	0	0	0	0	0	0	0	0	0	0	0	0	0	0	0	0	0	1	0	0	0	0	0	0	0	0	0	0	0	0	0	0	0	0	0	0	0	0	0	0	0	0	0	0	0	0	0	0	0	0	0	0	0	0	0	0	0	0	0	0	0	0	2	0	0	0	0	0	0	0	0	0	0	0	0	0	0	0	0	0	0	0	0	0	0	0	0
"DLBCL_RICOVER_866"	5	0.0160139112281809	0.156263302675784	0.0160139112281809	0.0160139112281809	0.795694963639674	2	0	0	2	0	0	0	0	2	2	2	0	2	0	0	0	0	0	0	2	2	0	2	2	0	0	0	0	0	0	0	0	0	0	0	0	0	0	0	0	0	0	0	0	0	0	0	0	0	0	1	0	0	0	0	0	0	1	0	0	1	1	0	0	1	0	2	0	0	0	1	0	1	0	0	0	0	0	0	0	2	0	2	0	2	2	2	2	2	3	2	0	0	0	0	0	0	0	0	0	0	0	0	0	0	0
"DLBCL_RICOVER_1018"	5	0.0317205038363367	0.027307273562828	0.103848035184244	0.027307273562828	0.809816913853764	0	0	0	0	0	0	0	0	0	0	2	0	2	2	2	0	1	0	2	0	0	0	0	2	0	0	0	0	0	0	0	0	0	1	0	0	2	0	0	0	1	0	0	0	1	0	0	1	0	0	0	0	1	0	1	1	0	0	0	0	1	0	1	0	1	0	1	1	0	0	1	1	1	0	0	0	0	0	1	0	0	0	0	0	0	0	0	0	0	0	0	0	0	2	0	0	0	0	0	0	0	0	0	0	0	0
"DLBCL_RICOVER_1299"	5	0.0265670148590147	0.0256166487073058	0.0256166487073058	0.0653052428782208	0.856894444848153	0	0	0	0	0	0	0	0	2	2	2	0	0	0	0	2	0	0	0	0	0	0	0	0	0	0	0	0	0	1	0	0	2	0	2	0	2	0	0	0	0	0	1	1	0	0	0	0	0	0	0	0	0	0	0	1	0	0	0	0	1	0	0	0	0	0	0	0	0	0	0	0	0	0	0	0	0	0	0	0	0	0	0	0	0	0	0	0	0	0	0	0	0	0	0	0	0	0	0	0	0	0	0	0	0	0
"DLBCL_LS1899"	5	0.0281872678616291	0.0312242958700907	0.0281151433956053	0.0279610772388521	0.884512215633823	0	0	2	0	2	0	0	0	0	0	0	1	0	0	0	0	0	0	0	0	0	2	0	0	0	0	0	0	0	0	0	0	0	0	0	0	0	0	0	0	0	0	0	0	0	0	0	0	1	0	0	0	0	0	0	0	1	0	0	0	0	0	0	0	0	0	0	0	0	0	0	0	0	0	0	0	0	0	0	0	0	0	0	0	0	0	0	0	0	0	0	0	0	0	0	0	1	0	0	0	0	0	0	0	0	0
"DLBCL_RICOVER_342"	5	0.0300041274995933	0.0280374772153658	0.0280374772153658	0.0280374772153658	0.885883440854309	0	0	0	0	2	0	0	0	0	0	0	0	0	0	0	0	0	2	0	0	0	0	0	0	0	0	0	0	0	0	0	0	0	0	0	0	0	0	0	0	0	0	0	0	0	0	0	0	0	0	1	0	0	0	0	0	0	0	0	0	0	0	0	0	0	0	0	0	0	0	0	0	0	0	0	0	0	0	0	0	0	0	2	0	0	0	0	0	0	0	0	0	0	0	0	0	0	0	0	0	0	0	0	0	0	0
"DLBCL_LS951"	5	0.0348914662799082	0.0260742984746757	0.0258555665132464	0.0258555665132464	0.887323102218923	0	0	0	0	0	0	0	0	0	0	0	0	2	0	0	0	0	2	0	0	0	2	0	0	0	0	0	0	0	0	0	0	0	0	0	0	2	0	0	0	0	0	1	0	1	0	0	0	0	0	0	0	0	0	0	1	0	0	0	0	0	0	0	0	0	0	1	0	0	0	0	0	0	1	0	0	1	0	0	0	0	0	0	0	0	0	0	0	0	0	0	0	0	0	0	0	1	2	2	0	0	0	0	0	0	0
"DLBCL_RICOVER_711"	5	0.0297341239797971	0.0259242143061341	0.026566907247981	0.0259242143061341	0.891850540159954	0	0	0	0	0	0	0	0	0	2	0	2	0	0	2	0	0	0	0	0	0	0	2	2	0	0	0	0	2	0	0	0	0	0	0	0	0	0	0	0	0	0	0	0	0	0	0	0	1	0	0	0	1	0	0	0	0	0	0	0	0	1	0	1	1	0	2	1	0	0	1	0	1	0	0	0	0	0	1	0	0	0	0	0	0	0	0	0	0	0	0	0	0	0	2	0	0	0	0	0	0	0	0	0	0	3
"DLBCL_LS2590"	5	0.0163955784143482	0.0155325017074895	0.0156789491410087	0.0427909998125326	0.909601970924621	1	0	0	0	0	0	0	0	0	2	0	0	0	2	0	2	0	0	2	0	0	0	2	0	0	0	2	0	2	0	0	0	0	0	0	0	2	0	0	0	0	0	0	0	0	0	0	0	0	0	0	0	0	0	0	0	0	0	0	1	0	0	0	0	0	0	0	0	1	0	0	0	0	0	0	0	0	0	0	0	0	0	0	0	0	0	2	0	0	0	0	0	0	2	0	0	0	0	0	0	0	0	0	0	0	0
"DLBCL_C_D_1153_NULLPAIR"	5	0.0287178920828572	0.0203063170708096	0.0207326872020854	0.0200987311552597	0.910144372488988	0	2	0	0	0	0	1	0	0	0	1	2	0	0	2	0	2	0	0	0	0	0	0	0	0	0	0	0	0	0	0	0	0	0	0	0	2	1	0	0	0	0	0	1	0	0	1	0	0	0	0	0	0	0	0	0	0	0	0	0	0	0	0	0	1	0	0	0	0	1	1	1	1	1	0	0	0	0	0	0	0	0	0	0	0	0	0	0	0	0	0	0	0	0	0	0	0	0	0	0	0	0	0	0	0	0
"DLBCL_LS3499"	5	0.0231902568793733	0.021428721918043	0.0213828359970451	0.0212359074854504	0.912762277720088	0	2	0	0	0	0	2	1	0	0	0	0	0	0	0	0	0	0	0	0	0	0	2	0	0	0	1	0	0	0	0	0	0	0	0	0	0	0	0	0	0	0	0	0	0	0	0	0	0	0	0	0	0	0	0	1	0	0	0	0	0	0	0	0	0	0	2	0	0	0	0	0	0	0	0	0	0	0	0	0	0	0	0	0	0	0	0	0	0	0	0	0	0	0	0	0	0	0	0	0	0	2	0	0	0	0
"DLBCL_C_D_1150_NULLPAIR"	5	0.0314062236747384	0.0185034316438586	0.0185034316438586	0.0185034316438586	0.913083481393686	0	0	0	0	0	0	0	0	0	0	0	1	0	2	2	0	2	0	0	0	0	0	0	0	3	0	0	0	0	0	0	0	0	1	0	0	0	0	0	0	0	0	0	0	0	0	0	0	0	0	0	0	0	0	0	0	0	0	1	0	0	0	0	0	0	0	0	0	0	0	0	0	0	1	0	0	0	0	0	2	0	0	2	0	0	0	0	0	0	0	0	0	0	0	0	0	0	0	0	0	2	2	0	0	0	0
"DLBCL_RICOVER_597"	5	0.0205978065386072	0.0185837396359706	0.0185837396359706	0.0241496675994856	0.918085046589966	0	2	0	0	2	0	2	0	0	0	0	2	0	0	0	0	2	0	0	0	0	0	2	0	0	0	0	0	0	0	0	0	2	0	2	0	2	1	0	2	0	2	0	1	0	0	0	0	0	0	1	0	0	0	0	1	0	0	0	0	0	0	0	0	0	0	0	0	0	0	0	0	0	0	0	0	0	0	1	0	0	0	0	0	0	0	0	0	0	0	0	0	0	0	0	0	0	0	0	0	0	0	0	0	0	0
"DLBCL_C_D_1121_NULLPAIR"	5	0.021404210751025	0.0196498511673506	0.0196041783030015	0.0196041783030015	0.919737581475621	0	2	0	2	2	2	2	0	0	0	0	2	2	0	2	0	0	0	2	2	0	0	2	2	0	0	2	0	0	1	0	0	0	0	0	0	2	0	0	0	0	0	0	1	1	0	0	0	0	0	0	0	0	1	0	0	0	2	1	0	1	0	1	0	1	1	1	0	0	1	1	1	1	1	0	1	1	0	0	0	0	0	2	0	0	0	0	0	2	3	2	0	0	0	0	0	0	0	0	0	0	0	0	0	0	0
"DLBCL_C_D_1107_NULLPAIR"	5	0.0226998292599304	0.0192779918443779	0.0190784881105355	0.0190784881105355	0.919865202674621	0	0	1	0	0	0	0	0	0	0	0	0	0	0	0	0	0	2	0	0	0	2	2	0	0	0	0	0	0	0	0	0	0	0	0	0	0	0	0	0	0	0	0	0	0	0	0	0	0	0	0	0	0	0	0	0	1	0	0	0	0	0	0	0	0	0	2	0	0	0	0	0	0	0	0	0	2	0	0	0	0	0	2	2	0	2	0	0	0	0	0	0	0	2	0	0	1	0	0	0	0	0	2	2	0	3
"DLBCL_RICOVER_274"	5	0.02215152394418	0.018734873290068	0.0186874806740351	0.0185357485781721	0.921890373513545	1	2	0	0	2	0	0	1	0	0	2	2	0	0	2	0	0	0	0	0	0	0	2	0	0	0	1	0	0	0	0	0	0	0	0	0	2	0	0	2	0	0	0	0	0	0	0	0	0	0	1	1	0	0	0	0	0	0	0	0	1	0	0	0	0	0	0	0	1	0	0	0	0	0	0	0	0	1	0	2	0	0	0	0	0	0	0	0	0	0	0	0	0	0	0	0	0	0	0	0	0	0	0	0	0	0
"DLBCL_RICOVER_148"	5	0.0190659763812102	0.01897461505924	0.0187917926365558	0.0182079495184706	0.924959666404523	0	0	0	0	0	0	0	0	2	0	0	0	2	0	0	0	0	0	0	0	2	0	0	2	0	0	0	0	0	0	0	0	0	0	0	0	0	0	0	0	0	0	0	0	0	0	0	0	0	0	0	0	0	0	0	1	0	0	0	0	0	0	0	0	1	0	0	0	0	0	0	1	0	0	0	0	0	0	1	0	0	0	0	0	0	0	0	0	0	0	0	0	0	0	0	0	0	0	0	0	0	0	0	0	0	0
"DLBCL_RICOVER_338"	5	0.025030872441482	0.0164658662044156	0.0164658662044156	0.0164658662044156	0.925571528945271	0	0	0	2	2	0	0	0	0	0	0	0	0	0	0	0	0	2	0	0	0	0	0	2	0	0	0	0	0	0	0	0	0	0	0	0	0	0	0	0	0	0	0	0	0	0	0	0	0	0	0	0	0	0	0	0	0	0	0	0	0	1	0	0	0	0	0	0	0	0	0	0	0	0	0	0	0	0	0	0	0	0	0	0	0	0	0	0	0	0	0	0	0	2	0	0	0	2	0	0	0	0	0	0	0	0
"DLBCL_RICOVER_361"	5	0.0188477552063043	0.01875645915919	0.0185737697634069	0.0179903735642059	0.925831642306893	0	0	0	0	0	0	0	0	0	0	0	0	2	2	0	0	0	0	0	0	2	0	0	2	3	0	0	0	0	0	0	0	0	0	0	0	0	0	0	0	0	0	0	0	0	0	0	0	0	0	0	0	0	0	0	0	0	0	0	0	0	0	0	0	0	0	0	0	0	0	0	0	0	0	0	0	0	0	0	0	0	0	0	0	0	0	0	0	0	0	0	0	0	2	0	0	0	0	0	0	0	0	0	0	0	0
"DLBCL_RICOVER_1045"	5	0.0182758198381483	0.0206005349823194	0.01753703874976	0.01753703874976	0.926049567680012	0	0	2	0	0	2	0	0	0	0	0	0	0	0	2	2	0	0	0	2	0	0	0	0	0	1	0	0	0	0	0	0	0	0	0	0	0	0	0	2	1	0	0	0	0	0	0	0	0	0	0	0	0	0	0	0	0	0	0	1	0	0	0	0	0	0	0	0	1	0	0	0	0	0	0	0	0	0	0	0	0	0	0	0	0	0	0	0	0	0	0	0	0	0	0	0	0	0	0	0	2	0	0	0	0	0
"DLBCL_RICOVER_1199"	5	0.0159933279112781	0.0236183924650311	0.0159933279112781	0.0159933279112781	0.928401623801135	2	0	0	0	2	0	0	0	0	0	2	0	0	0	2	2	0	0	0	0	0	0	0	0	3	0	1	0	0	0	0	0	0	0	0	0	0	0	0	0	0	0	0	0	0	0	0	0	0	0	0	0	0	0	0	0	0	0	0	0	0	0	0	0	0	0	0	0	0	0	0	0	0	0	0	0	1	0	0	0	0	0	0	2	0	0	0	0	0	3	2	0	0	0	0	0	0	0	0	0	0	0	0	0	0	0
"DLBCL_RICOVER_950"	5	0.019078211152623	0.0172627423012192	0.0172155387355564	0.0170644226836856	0.929379085126916	0	0	0	0	2	0	0	0	0	0	0	0	0	0	0	2	1	0	0	0	2	0	2	0	0	0	0	0	0	0	0	0	0	0	0	0	0	0	0	0	0	0	0	0	0	0	0	0	0	0	0	0	0	0	0	0	0	0	0	0	0	0	0	0	0	0	0	0	0	0	0	0	0	0	0	0	0	0	0	0	0	0	0	2	0	2	0	0	0	0	0	0	0	0	0	0	0	0	0	0	0	0	0	0	0	0
"DLBCL_RICOVER_522"	5	0.0140279612787997	0.0277431859796537	0.0140279612787997	0.0140279612787997	0.930172930183947	0	0	0	0	0	2	0	2	0	0	2	0	0	0	2	0	0	0	2	0	0	0	0	2	0	0	1	0	0	1	0	0	0	0	0	0	0	0	0	0	0	0	0	0	0	0	0	0	0	0	0	0	0	0	0	0	0	2	0	0	0	0	0	0	1	0	0	0	0	0	0	0	0	0	0	0	0	0	0	0	0	0	0	0	0	0	0	0	2	3	2	0	0	0	0	0	0	2	0	0	0	0	0	0	0	0
"DLBCL_RICOVER_151"	5	0.0187496235983769	0.0170098923010777	0.0169646475293665	0.0169646475293665	0.930311189041813	0	0	0	0	1	0	0	1	0	2	0	0	0	2	2	0	0	0	0	2	0	0	1	0	0	0	2	0	0	1	0	0	0	0	0	0	2	0	0	0	0	0	0	0	0	0	0	0	0	0	0	0	0	0	0	1	0	0	0	0	1	0	0	0	0	1	1	0	0	1	0	0	0	1	0	0	1	0	1	2	0	0	2	0	0	0	0	0	0	0	0	0	0	0	0	0	0	0	0	0	0	0	0	0	0	0
"DLBCL_RICOVER_985"	5	0.0175176005301491	0.0174267489305056	0.0172449646711827	0.0166646038646087	0.931146082003554	0	0	2	1	0	0	0	0	0	0	0	0	2	0	0	0	0	0	0	2	2	0	0	2	0	0	2	0	0	0	0	0	0	0	0	0	0	0	0	0	0	0	0	0	0	0	0	0	0	0	0	0	0	0	1	1	0	0	0	0	0	0	0	0	0	0	1	1	0	0	0	0	0	0	0	0	0	0	0	0	0	0	0	2	0	0	0	0	0	0	0	0	0	0	0	0	0	0	0	0	0	0	0	0	0	0
"DLBCL_LS2264"	5	0.0167926756686597	0.0176576648406424	0.0159445426926336	0.018272602045236	0.931332514752828	0	0	0	0	0	2	0	0	0	0	2	0	0	0	0	0	2	0	0	0	0	0	0	0	0	0	0	0	0	0	0	0	0	0	0	0	0	1	0	0	0	2	0	1	0	0	0	0	0	0	0	0	0	0	0	0	0	0	0	0	0	0	0	0	0	0	0	0	0	0	0	0	0	0	0	0	0	0	0	0	0	0	0	0	0	0	0	0	0	3	0	0	0	0	0	0	0	0	0	0	0	0	0	0	0	0
"DLBCL_RICOVER_1247"	5	0.0185259640430297	0.01671430013737	0.0166672076141895	0.0165164514755266	0.931576076729884	0	0	0	0	2	0	0	0	0	0	0	0	2	0	2	2	0	0	0	0	0	0	1	0	0	0	0	0	0	0	0	0	0	0	0	0	0	0	0	0	0	2	0	0	0	0	0	0	0	0	0	0	0	0	0	0	0	0	0	0	0	0	0	0	0	0	0	0	0	0	0	0	0	0	0	0	0	0	0	0	0	0	0	0	0	0	0	0	0	0	0	0	0	0	0	0	0	0	0	0	0	0	0	0	0	0
"DLBCL_RICOVER_617"	5	0.0182011115238722	0.0164649172930975	0.016419775938752	0.0162752621831577	0.932638933061121	0	0	0	2	0	0	0	2	0	0	0	0	0	2	0	0	0	2	0	0	0	0	2	0	0	0	0	0	0	0	0	0	0	0	0	0	1	0	0	0	0	0	0	0	0	0	0	0	0	0	0	0	0	0	0	1	0	0	0	0	0	0	0	0	0	0	2	0	0	0	0	0	0	0	0	0	1	0	0	0	0	0	0	0	0	2	0	0	0	0	0	0	0	0	0	0	0	0	0	0	2	0	0	2	0	0
"DLBCL_LS2357"	5	0.0179646113609888	0.0160802181548659	0.0165028548884321	0.0158745832629282	0.933577732332785	0	2	0	0	0	0	0	2	0	0	0	2	0	0	2	0	0	0	0	0	2	0	0	2	0	0	0	0	2	0	0	0	0	0	0	0	0	0	0	0	0	0	0	0	0	0	0	0	0	0	0	0	0	0	0	0	0	0	0	0	0	0	0	0	0	0	0	0	0	0	0	0	0	0	0	0	0	0	0	0	0	0	0	0	0	2	0	0	0	0	0	0	0	0	0	0	0	0	0	0	0	0	0	0	0	0
"DLBCL_DFCI_DLBCL_GOE08"	5	0.0178169457794221	0.0159337565150824	0.0163560983230798	0.015728270740631	0.934164928641785	0	0	0	2	0	0	2	0	0	0	0	0	2	0	2	0	0	0	0	0	0	0	0	2	0	0	2	0	0	0	0	0	0	0	0	0	0	0	0	0	0	0	0	0	0	0	0	0	0	0	0	0	0	0	0	0	0	0	0	0	0	0	0	0	0	0	0	0	1	0	0	0	0	0	0	0	0	0	0	0	0	0	0	0	0	0	0	0	0	0	0	0	0	0	0	0	0	2	0	2	0	2	0	0	0	0
"DLBCL_RICOVER_692"	5	0.0169457160626558	0.0150701242133529	0.0154906073734183	0.014865577738718	0.937627974611855	2	0	0	1	2	0	0	2	0	1	0	0	0	2	0	0	2	0	2	0	0	0	1	2	0	2	0	0	0	1	0	0	2	0	0	0	0	0	0	0	0	2	0	0	0	0	0	0	0	0	0	1	0	0	0	0	0	0	1	2	0	0	0	0	0	0	2	0	0	0	0	0	0	0	0	0	0	0	0	0	0	0	0	0	0	2	0	0	0	0	0	0	0	2	0	0	0	0	0	0	0	2	0	2	0	0
"DLBCL_C_D_1109_NULLPAIR"	5	0.0177941697374009	0.0144330023374242	0.0148341077458523	0.0142378795240496	0.938700840655273	0	0	0	0	0	0	1	0	0	0	0	0	0	1	2	2	2	0	0	0	0	0	0	0	0	0	2	0	0	0	0	0	0	0	0	0	2	0	0	0	0	0	0	0	0	0	0	0	0	0	0	0	0	0	0	0	0	0	0	0	0	0	0	0	0	0	1	0	0	0	0	0	0	0	0	0	0	0	0	0	0	0	0	0	0	0	0	0	0	0	0	0	0	0	0	0	0	0	0	0	2	2	0	0	0	0
"DLBCL_MC_F218_RAP"	5	0.0150349862701894	0.0149451745259175	0.0143351937406586	0.0141922303802467	0.941492415082988	0	0	0	0	2	0	0	0	0	0	0	0	0	1	2	0	0	0	0	0	0	2	2	0	0	0	0	0	0	0	0	0	0	0	0	0	0	0	0	0	0	0	0	0	0	0	0	0	0	0	0	0	0	0	0	0	0	0	0	0	0	0	0	0	0	0	0	0	0	0	0	0	0	0	0	0	0	0	0	0	0	0	2	0	0	2	0	0	0	0	0	0	0	0	0	0	0	0	0	0	0	0	0	0	0	3
"DLBCL_RICOVER_554"	5	0.0152756586726349	0.0135648605312897	0.01352045236944	0.0133783125700714	0.944260715856564	0	2	0	0	0	0	0	0	0	2	0	0	2	0	0	0	0	2	0	0	0	0	1	2	0	0	0	0	0	0	0	0	0	0	0	0	2	0	0	0	0	0	0	0	0	0	0	0	0	0	0	0	0	0	0	0	0	0	0	0	0	0	1	0	0	0	0	0	0	0	0	0	0	0	0	0	0	0	0	0	0	0	0	0	0	0	0	2	0	0	0	0	0	0	0	0	0	0	0	0	0	0	0	0	0	0
"DLBCL_RICOVER_336"	5	0.0140779607090936	0.0139886651138716	0.0133823403968385	0.0132402732682191	0.945310760511977	0	0	0	0	0	0	2	0	0	0	0	2	0	2	0	2	0	2	0	0	0	2	0	2	0	0	0	0	0	0	0	0	0	0	0	0	2	0	0	0	0	0	0	0	0	0	0	0	0	0	0	0	0	0	0	0	1	0	0	0	0	1	0	0	0	0	2	1	0	0	0	1	0	1	0	0	0	0	0	0	0	0	0	0	0	0	0	0	0	0	0	0	0	0	0	0	1	2	0	0	0	0	0	0	0	0
"DLBCL_MC_F139_LJF"	5	0.0139126288986792	0.0138234632448394	0.0136451077281558	0.0130762040324268	0.945542596095899	1	2	1	2	0	2	2	0	2	0	0	0	2	0	1	0	0	2	2	2	0	0	0	2	0	0	0	0	0	0	0	2	0	0	0	0	2	0	0	0	0	0	0	0	0	0	0	0	1	0	0	0	0	0	0	0	0	0	0	1	1	1	0	0	0	0	1	0	0	0	0	0	0	0	0	0	1	0	0	0	0	0	0	0	0	0	0	0	2	0	0	0	0	0	0	0	0	2	0	0	0	0	0	0	0	0
"DLBCL_C_D_1103_NULLPAIR"	5	0.0144605756685671	0.0127587084699591	0.0127145573838567	0.0125732497599504	0.947492908717667	0	0	0	0	0	0	2	0	0	2	0	0	2	0	0	0	0	0	2	2	0	2	0	2	0	0	0	0	0	0	0	0	0	0	0	0	0	0	0	0	0	0	0	0	0	0	0	0	0	0	0	0	0	0	0	0	0	2	0	0	0	0	0	0	0	0	0	0	0	0	0	0	0	0	0	0	0	0	0	2	0	0	0	2	0	0	0	0	0	0	0	0	0	0	0	0	0	0	0	0	0	0	0	0	0	0
"DLBCL_C_D_1159_NULLPAIR"	5	0.0191561604937746	0.0102630800921464	0.0100495472275767	0.0100495472275767	0.950481664958926	2	0	0	0	0	0	0	0	0	0	2	2	0	0	0	0	0	0	0	0	2	0	2	0	0	0	1	0	0	0	0	0	0	0	0	0	1	0	0	0	0	2	0	0	0	0	0	0	0	0	0	0	0	0	0	0	0	0	0	0	0	0	0	0	0	0	0	0	0	0	0	0	0	1	0	0	0	0	0	0	0	0	0	0	0	0	0	0	0	0	0	0	0	0	0	0	0	0	0	0	0	2	0	0	0	3
"DLBCL_LS3387"	5	0.0124779283901114	0.0133596393630982	0.0116161147375465	0.0116161147375465	0.950930202771697	0	2	0	0	0	0	2	2	0	2	2	0	0	0	2	0	0	0	0	0	2	0	2	0	0	0	0	0	0	0	0	0	0	0	0	0	2	0	0	0	0	0	0	0	0	0	0	0	0	0	0	0	0	0	0	0	0	0	0	0	0	1	0	0	1	0	0	0	0	0	0	0	0	0	0	0	0	0	0	0	0	2	0	0	2	2	2	0	0	3	2	0	1	0	0	0	0	0	0	0	0	2	0	0	0	0
"DLBCL_C_D_1139_NULLPAIR"	5	0.0129333463320706	0.0111803407634457	0.0111349458821309	0.0109896882830987	0.953761678739254	1	0	0	0	0	0	0	0	0	0	2	0	2	2	2	0	1	2	0	2	0	0	2	1	0	0	0	0	0	0	0	0	0	0	0	0	0	0	0	0	0	0	0	1	0	0	1	0	0	0	0	0	0	1	0	0	0	0	0	0	0	0	0	1	1	0	1	1	0	0	0	0	1	0	0	0	0	0	0	0	0	0	0	0	0	0	2	0	0	0	0	0	0	0	0	0	0	0	0	0	0	0	0	0	0	3
"DLBCL_C_D_1151_NULLPAIR"	5	0.012645659457582	0.0108976241558884	0.0112886973398736	0.0107075700941232	0.954460448952533	0	2	0	0	0	0	0	2	2	0	0	0	0	0	0	0	1	0	0	0	2	2	0	2	0	0	0	0	0	0	0	1	0	0	0	0	0	0	0	0	0	0	0	0	0	0	0	0	0	0	0	0	0	0	0	0	0	0	0	0	0	0	0	0	0	0	0	0	0	0	0	0	1	0	0	0	1	0	1	2	0	0	2	0	0	2	0	0	0	0	0	0	0	0	0	0	0	2	0	0	0	0	0	0	0	3
"DLBCL_C_D_1148_NULLPAIR"	5	0.012568074216729	0.0106302361776033	0.0107750052009977	0.0106302361776033	0.955396448227067	0	2	0	0	0	0	0	0	0	0	0	0	0	1	0	2	2	0	0	1	0	2	0	2	0	0	0	0	0	0	0	0	0	0	0	0	0	0	0	0	0	0	0	0	0	0	0	0	0	0	0	0	0	0	0	0	0	0	0	1	0	0	0	0	0	0	2	0	0	1	0	0	0	0	0	0	0	0	0	0	0	0	2	0	0	2	0	0	0	0	0	3	0	0	0	0	0	0	0	0	0	2	0	0	0	3
"DLBCL_LS3271"	5	0.012405233013625	0.0105862672336429	0.0109929451792055	0.0103886905356868	0.95562686403784	0	0	0	0	2	0	0	1	2	0	2	0	0	0	0	0	2	0	2	2	0	0	2	2	0	0	0	0	0	0	0	0	0	0	0	0	2	0	2	0	0	0	0	0	0	0	0	0	0	0	0	0	0	0	0	0	0	0	0	0	0	0	1	0	0	0	0	0	0	0	0	0	0	0	0	0	0	0	0	0	0	0	0	0	0	0	0	0	0	0	0	0	0	0	0	0	0	0	0	0	0	0	0	0	0	0
"DLBCL_RICOVER_701"	5	0.0109693745900406	0.0108822553342356	0.0101530608146721	0.0101530608146721	0.95784224844638	0	0	0	2	0	0	0	0	0	0	0	2	0	0	0	0	0	0	0	2	2	0	0	2	0	0	0	0	0	0	0	0	0	0	0	0	0	0	0	0	0	0	0	0	0	0	0	0	0	0	0	0	0	0	0	0	0	0	0	0	0	0	0	0	0	0	0	0	0	0	0	0	0	0	0	0	0	0	0	0	0	0	0	0	0	0	0	0	0	0	0	0	1	0	0	0	0	0	2	0	0	0	0	0	0	0
"DLBCL_RICOVER_1061"	5	0.0116571893620991	0.00999413963571946	0.00995110611695748	0.0098134165903143	0.95858414829491	0	0	0	2	0	2	2	0	0	0	2	2	0	0	0	0	0	2	0	0	0	0	2	2	0	0	2	1	0	0	0	0	0	0	0	0	0	0	0	0	0	0	0	0	0	0	0	0	0	0	0	0	0	0	0	0	0	0	0	0	0	0	0	0	0	0	0	0	0	0	0	0	0	0	0	0	0	0	0	0	0	0	0	0	0	2	2	0	0	0	0	0	0	0	0	0	0	0	0	0	2	0	0	0	0	0
"DLBCL_RICOVER_1138"	5	0.0109699466944889	0.0092496782362899	0.00920523073062192	0.00906304223022161	0.961512102108378	0	0	0	0	0	0	1	0	0	0	0	0	0	1	0	2	2	0	2	2	2	2	1	2	3	0	0	0	0	0	0	0	0	0	0	0	2	0	0	0	0	0	0	0	0	0	0	0	0	0	0	0	0	0	0	1	0	0	0	0	0	0	0	0	0	0	0	0	0	0	0	0	0	0	0	0	0	0	0	0	0	0	0	0	0	0	0	0	0	0	0	0	0	0	0	0	0	2	0	0	2	0	0	2	0	0
