"cluster"	"P1"	"P2"	"P3"	"P4"	"P5"	"HIST1H2AC"	"CARD11"	"SF3B1"	"LTB"	"ACTB"	"RHOA"	"HIST1H2BK"	"HIST1H2AM"	"TOX"	"ETS1"	"HIST1H1B"	"HIST1H1D"	"KLHL6"	"ZFP36L1"	"HIST1H1C"	"STAT3"	"HIST1H2BC"	"CD58"	"NFKBIA"	"CD83"	"BRAF"	"NFKBIE"	"HIST1H1E"	"SGK1"	"SV.MYC"	"X18Q21.33.BCL2..AMP"	"BTG1"	"PRDM1"	"HLA.A"	"X19Q.AMP"	"X19P13.2.DEL"	"ZC3H12A"	"GRHPR"	"X19Q13.42.AMP"	"TBL1XR1"	"X17Q25.1.DEL"	"PIM1"	"X18P.AMP"	"ETV6"	"MYD88"	"X3P.AMP"	"CD79B"	"X13Q.AMP"	"X18Q.AMP"	"X10Q23.31.DEL"	"X19Q13.32.DEL"	"X8Q12.1.DEL"	"X1Q42.12.DEL"	"X11Q23.3.AMP"	"X3Q28.AMP"	"X6Q.DEL"	"X12P13.2.DEL"	"X2Q22.2.DEL"	"X6P.AMP"	"X13Q31.3.AMP"	"X11Q.AMP"	"X5Q.AMP"	"X19P13.3.DEL"	"X13Q14.2.DEL"	"X17Q24.3.AMP"	"X8Q24.22.AMP"	"X18Q23.DEL"	"X1Q23.3.AMP"	"X3Q28.DEL"	"X1P36.32.DEL"	"X16Q12.1.DEL"	"X2P16.1.AMP"	"X3P21.31.DEL"	"X14Q32.31.DEL"	"X4Q21.22.DEL"	"X1P13.1.DEL"	"X1P36.11.DEL"	"X1P31.1.DEL"	"X4Q35.1.DEL"	"X9Q21.13.DEL"	"X9P21.3.DEL"	"X21Q.AMP"	"X17P11.2.DEL"	"X17P.DEL"	"TP53"	"PTEN"	"MEF2B"	"GNA13"	"IRF8"	"HVCN1"	"TNFRSF14"	"KMT2D"	"EZH2"	"CREBBP"	"SV.BCL2"	"BCL2"	"SV.CD274.PDCD1LG2"	"SPEN"	"HLA.B"	"ZEB2"	"SV.TP63"	"X5P.AMP"	"FAS"	"TMEM30A"	"NOTCH2"	"B2M"	"CD70"	"UBE2A"	"TNFAIP3"	"BCL10"	"SV.BCL6"
"DLBCL_LS2154"	1	0.33869998027114	0.147792707105559	0.207755237936841	0.147792707105559	0.157959367580901	0	0	0	0	0	0	0	0	0	0	0	0	0	0	0	0	0	2	0	0	0	0	0	0	0	0	0	0	0	0	0	0	0	0	0	0	0	0	0	0	0	0	0	0	0	0	0	0	0	0	0	0	0	0	0	0	0	0	0	0	0	0	0	0	0	0	0	0	0	0	0	0	0	0	0	0	0	0	0	0	0	0	0	0	0	0	0	0	0	0	0	0	0	0	0	0	0	0	0	0	0	0	0	0	0	0
"DLBCL_RICOVER_478"	1	0.460018591327951	0.0278117095941237	0.0288246226867258	0.455706236219434	0.0276388401717651	0	0	0	0	0	0	0	0	0	0	0	0	0	0	0	0	0	0	0	0	0	0	0	0	3	0	0	0	0	0	0	0	0	0	0	0	0	1	0	2	1	0	0	1	0	0	0	0	0	0	0	0	0	1	0	0	0	0	0	0	0	0	0	0	1	0	0	0	1	0	0	1	1	0	1	0	0	0	0	0	0	0	0	0	0	0	0	0	0	0	0	0	0	0	2	0	0	0	0	0	0	0	0	0	2	0
"DLBCL_LS3866"	1	0.51035379615019	0.0671385408733345	0.0673897967009927	0.0671385408733345	0.287979325402148	0	0	0	0	0	0	0	0	0	0	0	0	0	0	2	0	0	0	0	0	0	0	0	2	0	0	0	0	0	0	0	0	0	0	0	0	0	0	0	0	0	0	0	0	0	0	1	0	0	0	0	0	0	0	0	0	0	0	0	0	0	0	0	0	0	0	0	0	0	0	0	0	0	0	0	0	0	0	0	0	0	0	0	0	0	0	0	0	0	0	0	0	2	0	0	0	0	0	0	0	0	0	0	0	0	0
"DLBCL_RICOVER_575"	1	0.644419392588634	0.0216628481059793	0.0216628481059793	0.0216628481059793	0.290592063093428	0	0	0	2	0	0	0	2	0	0	0	0	0	0	0	0	0	0	0	0	0	0	0	0	0	0	1	0	0	1	0	0	0	0	0	0	0	0	0	0	0	0	0	0	0	0	0	0	0	0	0	0	0	0	0	1	0	0	0	1	0	0	0	0	0	0	0	0	0	0	0	0	0	0	0	0	0	0	0	0	2	0	0	0	0	0	0	0	0	0	0	0	0	0	0	0	0	2	0	0	0	2	0	2	0	0
"DLBCL_LS2595"	1	0.676263559508955	0.0803321838476166	0.0807695422643883	0.0802814069811721	0.0823533073978676	0	0	0	0	0	0	0	0	0	0	0	0	0	0	0	0	0	0	0	0	0	0	0	0	0	0	0	0	0	0	0	0	0	0	0	0	0	0	0	0	0	0	0	0	0	0	0	0	0	0	0	0	0	0	0	0	0	0	0	0	0	0	0	0	0	0	0	0	0	0	0	0	0	0	0	0	0	0	0	0	0	0	0	0	0	0	0	0	0	0	0	0	0	0	0	0	0	2	0	0	0	0	0	0	0	0
"DLBCL_C_D_1132_NULLPAIR"	1	0.706192784185096	0.0312690719383013	0.0312690719383013	0.0312690719383013	0.2	0	0	0	2	1	0	0	0	0	0	0	0	0	0	0	2	0	0	0	0	0	0	0	0	0	0	1	0	2	0	0	0	0	0	0	0	0	0	0	0	0	0	0	0	0	0	0	0	0	0	0	0	0	0	0	0	0	0	0	0	0	0	0	1	0	0	0	0	0	0	0	0	0	0	0	0	0	0	0	0	0	0	0	0	0	0	0	0	0	0	0	0	2	0	0	0	0	0	0	0	0	2	0	0	0	0
"DLBCL_MC_F307_JPS"	1	0.753913976150095	0.0601336305544685	0.0646801729442101	0.0608610776445331	0.0604111427066934	0	0	0	0	0	0	0	0	0	0	0	0	0	0	0	0	0	0	0	0	0	0	0	0	0	0	0	0	0	0	0	0	0	0	0	0	0	0	0	0	0	0	0	0	0	0	0	0	0	0	0	0	0	0	0	0	0	0	0	0	0	0	0	0	0	0	0	0	0	0	0	0	0	0	0	0	0	0	0	0	0	0	0	0	0	0	0	0	0	0	0	0	0	0	0	0	0	0	0	0	0	0	0	0	0	3
"DLBCL_RICOVER_910"	1	0.755861847392912	0.0528995300588576	0.0531606816378833	0.0528995300588576	0.0851784108514892	0	0	0	0	0	0	0	0	0	0	0	2	0	0	0	0	0	0	0	0	0	0	0	0	0	0	0	0	0	0	0	0	0	0	0	0	0	0	0	0	0	0	0	0	0	0	0	0	0	0	0	0	0	0	0	0	1	0	0	0	0	0	0	0	0	0	0	0	0	0	0	0	0	0	0	0	0	0	0	0	0	0	0	0	0	0	0	0	0	0	0	0	0	0	0	0	1	0	0	0	0	0	0	0	0	0
"DLBCL_C_D_1115_NULLPAIR"	1	0.758304105799922	0.0590682162583568	0.0598316141634564	0.0590682162583568	0.0637278475199077	0	0	0	0	2	0	0	0	0	0	0	0	0	0	0	0	0	0	0	0	0	0	2	0	0	0	0	0	0	0	0	0	0	1	0	0	0	0	0	0	0	0	0	0	0	0	0	0	0	0	1	0	0	0	0	0	0	0	0	0	0	0	0	0	0	1	2	0	0	0	0	0	0	0	0	0	0	0	0	0	0	0	0	0	0	0	0	0	0	0	0	3	0	0	2	0	0	0	0	0	0	0	0	0	0	0
"DLBCL_C_D_1106_NULLPAIR"	1	0.788166360972694	0.0215596971945789	0.147154547443569	0.0215596971945789	0.0215596971945789	0	0	0	0	0	0	0	0	0	0	0	0	0	0	2	0	0	0	0	0	0	0	0	0	0	0	0	0	0	0	1	0	0	0	0	0	0	0	0	0	0	0	1	0	0	0	0	0	0	0	0	0	0	1	0	0	0	0	0	0	0	1	1	0	1	0	0	1	0	0	1	1	1	0	0	1	0	0	0	0	0	0	0	0	0	0	0	0	0	0	0	0	2	0	0	0	0	0	0	0	0	0	0	0	2	3
"DLBCL_RICOVER_120"	1	0.796357478089762	0.0126753410691143	0.0122931609385258	0.166380858964072	0.0122931609385258	0	0	0	0	0	0	0	0	0	0	0	0	0	0	0	0	0	0	0	0	0	0	0	0	0	0	1	0	0	0	0	0	0	0	0	0	2	0	0	0	1	2	1	0	0	0	0	0	0	0	0	0	0	0	0	1	0	0	0	0	0	0	0	1	0	0	0	0	0	0	0	0	0	1	0	0	0	0	0	0	0	0	0	0	0	0	2	0	0	0	0	0	0	0	0	0	0	0	0	0	2	0	0	2	0	3
"DLBCL_RICOVER_945"	1	0.810726287560798	0.0440295926477268	0.0439521305840681	0.0439521305840681	0.0573398586233388	0	0	0	0	0	0	0	0	0	0	2	0	0	0	0	0	2	0	0	0	0	0	0	0	0	0	0	2	0	1	0	0	0	0	0	1	0	0	0	0	0	0	0	0	0	0	0	0	0	0	0	0	0	0	1	0	0	1	0	1	2	0	0	0	1	0	0	0	0	0	1	1	0	0	0	0	0	0	0	0	0	0	2	0	0	0	0	0	0	0	0	0	2	2	0	0	0	0	0	0	2	0	0	0	0	0
"DFCIDL004_DT"	1	0.82632576338062	0.0222768514851669	0.0225370570939635	0.106583476555083	0.0222768514851669	0	0	0	0	0	0	0	2	0	0	0	0	0	0	0	0	0	0	0	0	0	0	0	0	0	0	0	0	2	0	0	0	0	0	2	0	0	0	2	0	0	0	0	0	0	0	0	0	0	0	0	0	0	0	0	0	0	0	0	0	0	0	0	0	0	0	0	0	0	0	0	0	0	0	0	0	0	0	0	0	0	0	0	0	0	0	0	0	0	0	0	3	2	2	0	0	0	0	0	0	0	0	0	2	0	0
"DLBCL_C_D_1112_NULLPAIR"	1	0.846663005130383	0.0233036319490209	0.0261733589139125	0.0819571766817429	0.0219028273249411	0	2	0	0	0	0	0	0	0	0	0	0	0	0	0	0	0	0	0	0	0	0	0	0	0	0	0	0	0	0	0	0	0	0	0	0	0	0	0	0	1	0	0	0	0	0	0	0	0	0	0	0	0	0	0	0	0	0	0	0	0	0	0	0	1	0	0	1	0	0	0	0	0	0	0	0	1	0	0	0	0	0	0	0	0	0	0	2	0	0	0	0	0	0	0	3	0	0	0	0	2	0	0	0	0	0
"DLBCL_BWH_DLBCL64"	1	0.859196490576954	0.029840368033434	0.0418962975522447	0.029840368033434	0.0392264758039332	2	0	0	0	0	0	2	0	0	0	2	0	0	0	0	0	0	0	0	2	0	0	0	2	0	0	0	0	0	0	0	0	0	0	0	0	0	0	0	0	0	0	0	0	0	0	0	0	0	0	0	0	0	1	0	1	0	0	0	1	1	1	0	0	0	0	2	0	0	0	0	0	0	0	0	0	0	0	0	0	0	0	0	0	0	0	2	0	0	0	0	0	0	0	2	0	1	0	0	0	0	0	0	0	0	3
"DLBCL_C_D_1156_NULLPAIR"	1	0.864156664228869	0.032951702115826	0.0364378623942607	0.0331695871436687	0.033284184117376	0	0	0	0	0	0	0	0	0	0	0	0	0	0	1	0	2	0	0	0	0	0	0	0	0	0	0	0	0	0	0	0	0	0	0	0	0	0	0	0	0	0	0	0	0	0	0	0	0	0	0	0	0	0	0	0	0	0	0	0	0	0	0	0	0	0	0	0	0	0	0	0	0	0	0	0	0	0	0	0	0	0	0	0	0	0	0	0	0	0	0	0	0	0	0	0	0	0	0	0	0	0	0	0	0	3
"DLBCL_RICOVER_258"	1	0.870675540758352	0.0578049093762436	0.0222033950917106	0.0263804502228288	0.022935704550865	0	0	0	0	0	0	0	0	0	0	0	0	0	0	0	0	0	0	0	0	0	0	0	0	3	0	0	0	0	0	0	0	0	0	2	0	0	0	0	2	0	0	0	0	0	0	0	0	0	0	0	0	0	0	0	0	0	0	0	0	0	0	0	0	0	0	0	0	0	0	0	0	0	0	0	0	0	0	0	0	0	0	0	2	0	0	0	0	0	0	0	0	0	0	0	0	0	0	0	0	0	0	0	2	2	0
"DLBCL_MC_F648_JKW"	1	0.883530732625537	0.0274046763700498	0.0330151169517675	0.0283023472428344	0.0277471268098115	0	2	0	0	2	0	0	0	0	0	0	0	0	0	0	0	0	0	0	0	0	0	0	0	0	0	0	0	0	0	0	0	0	1	0	0	0	0	0	0	0	0	0	0	0	0	1	0	1	0	0	0	1	0	0	0	1	0	0	0	0	0	0	0	0	0	0	0	0	0	0	0	0	0	0	0	0	0	0	2	0	2	0	0	0	0	0	0	0	0	0	0	0	0	0	0	1	2	0	0	0	0	0	0	0	3
"DLBCL_C_D_1158_NULLPAIR"	1	0.88462796305847	0.0277141638962307	0.0316138881260858	0.0279578966605967	0.0280860882586166	0	0	0	0	2	0	2	0	0	0	2	0	0	0	0	0	0	0	0	0	0	0	2	0	0	0	0	0	0	0	0	0	0	0	0	0	0	0	0	0	1	0	0	0	1	0	1	0	0	0	0	0	1	1	0	0	1	0	0	0	0	0	0	0	0	0	0	0	1	0	0	0	0	0	0	0	0	0	0	0	0	0	0	0	0	0	2	0	0	0	0	0	0	0	0	0	1	0	0	0	2	0	0	0	0	3
"DLBCL_C_D_1154_NULLPAIR"	1	0.896080539017438	0.0244888703773613	0.0281444169639975	0.0254027568046314	0.0258834168365721	0	0	0	0	0	0	0	0	0	0	0	0	0	0	0	0	0	0	0	0	0	0	0	0	0	0	2	0	0	0	0	0	0	0	0	0	0	0	0	0	0	0	0	0	0	0	1	0	0	0	0	0	0	0	0	0	1	0	0	0	0	0	0	0	0	0	0	0	0	0	0	0	0	0	0	0	0	0	0	0	0	0	0	0	0	0	0	0	0	0	0	0	0	0	0	3	1	2	0	0	0	0	0	0	0	0
"DLBCL_LS4323"	1	0.896228185732065	0.0195961442834872	0.0435229364270662	0.0195961442834872	0.0210565892738945	0	0	0	0	0	0	0	0	0	0	2	0	0	0	0	0	0	0	0	0	0	0	0	0	0	0	0	0	0	0	0	0	0	0	0	0	0	0	0	0	0	0	0	0	0	0	0	0	0	0	0	0	0	0	0	0	0	0	0	0	0	0	0	0	0	0	0	0	0	0	0	0	0	0	0	0	0	0	0	2	0	0	0	0	0	0	0	0	0	0	0	0	0	0	0	0	0	0	0	0	0	0	0	2	0	0
"DLBCL_LS2367"	1	0.898122813839576	0.0215735218595205	0.0215735218595205	0.0215735218595205	0.037156620581862	0	2	0	0	0	0	0	0	0	0	0	0	0	0	0	0	1	0	0	0	0	0	0	2	0	0	0	0	0	0	0	0	0	0	0	0	0	1	0	0	0	2	1	1	0	0	0	0	0	0	0	0	0	1	0	1	0	0	0	0	0	0	0	0	1	0	0	1	0	0	0	0	0	0	0	0	0	0	0	0	0	0	2	0	0	0	0	0	0	0	0	0	0	0	0	0	0	0	0	0	0	2	0	0	0	3
"DLBCL_RICOVER_694"	1	0.898402853600544	0.0236493828474228	0.0293818942404029	0.0245665850582709	0.0239992842533591	0	0	0	0	0	0	0	0	0	0	0	0	0	0	2	0	0	0	0	0	0	0	0	0	0	0	0	0	0	0	0	0	0	0	0	0	0	0	0	0	0	0	0	0	0	0	0	0	0	0	0	0	0	0	0	0	0	0	0	0	0	0	0	0	0	0	0	0	0	0	0	0	0	0	0	0	0	0	0	0	0	0	0	0	0	0	0	0	0	0	0	0	0	0	0	0	0	0	0	0	2	0	0	0	0	3
"DLBCL_MC_F300_TBF"	1	0.906422928444325	0.0287109199382236	0.0242930348485153	0.0200859388702599	0.0204871778986766	0	0	0	0	0	0	2	0	0	0	0	0	2	0	0	0	0	0	0	0	0	0	0	0	0	0	2	0	0	0	0	0	0	0	2	0	0	0	0	2	0	0	0	0	0	0	0	0	0	0	0	0	0	1	0	0	1	0	0	0	0	0	0	0	0	0	0	0	0	0	0	0	0	0	0	0	0	0	0	0	0	0	0	0	0	0	2	2	0	3	1	0	0	0	0	0	1	0	2	0	0	0	0	0	2	0
"DLBCL_RICOVER_1150"	1	0.910231172592677	0.0197270778934844	0.0281305292498893	0.0218279407325856	0.0200832795313641	0	0	0	0	0	0	0	1	0	0	0	0	2	0	0	0	0	0	0	0	0	0	0	0	0	0	2	2	0	0	0	0	0	0	0	0	0	1	0	0	0	0	0	1	0	0	0	0	0	0	1	0	0	0	0	0	1	0	0	0	0	0	0	0	0	0	0	0	0	0	0	0	1	0	0	0	1	0	0	0	0	0	0	0	0	0	0	0	0	0	0	3	0	0	0	0	1	0	0	0	0	2	0	0	0	3
"DLBCL_C_D_1128_NULLPAIR"	1	0.910931814666285	0.0210116737233993	0.0247440914514035	0.0219447783791358	0.0213676417797765	0	0	0	0	0	0	0	0	0	0	0	0	0	0	0	0	0	0	0	0	0	0	0	0	0	0	0	0	0	0	0	0	0	0	0	0	0	0	0	0	0	0	0	0	0	0	0	0	0	0	0	0	0	0	0	0	0	0	0	0	0	0	0	0	0	0	0	0	0	0	0	0	0	0	0	0	0	0	0	0	0	0	0	0	0	0	0	0	0	0	0	0	0	0	0	0	0	0	0	0	0	2	0	0	0	3
"DLBCL_C_D_1123_NULLPAIR"	1	0.911686329868591	0.0214604085545529	0.0232550537168752	0.0220878706330092	0.0215103372269719	0	0	0	0	2	0	0	1	0	0	0	0	0	0	0	0	1	0	0	0	0	0	0	0	0	0	0	0	0	0	0	0	0	0	0	0	0	0	0	0	0	0	0	0	0	0	0	0	1	0	1	0	0	0	0	0	1	0	0	0	1	0	1	0	0	0	0	0	0	0	0	0	0	0	1	0	0	0	0	0	0	0	0	2	0	0	0	0	0	0	0	3	2	0	0	0	1	2	0	2	0	0	0	0	0	3
"DLBCL_C_D_1146_NULLPAIR"	1	0.917354567742348	0.0169930688808846	0.0169930688808846	0.0169930688808846	0.031666225614998	0	0	0	0	2	0	0	0	0	0	0	0	0	0	1	0	0	0	0	0	0	0	0	2	0	0	0	0	0	0	0	0	0	0	0	0	1	0	0	0	0	0	0	0	0	0	0	0	0	0	0	0	0	0	0	0	0	0	1	0	0	0	0	0	0	0	2	1	1	0	0	0	0	0	0	0	0	0	0	0	0	0	0	0	0	0	0	0	0	0	0	0	0	2	0	3	0	0	0	0	0	1	2	0	0	0
"DLBCL_RICOVER_1144"	1	0.919977621971041	0.0183563731624103	0.0219721991782899	0.0182795498546059	0.0214142558336533	2	2	0	2	0	0	0	0	0	0	0	0	0	0	0	0	0	0	0	0	0	0	0	0	0	0	0	2	0	0	0	0	0	0	0	0	0	0	0	2	0	0	1	0	0	0	0	0	0	0	1	0	0	0	0	0	0	0	0	0	0	0	0	0	0	0	0	0	0	0	0	0	0	0	0	0	0	0	0	0	0	0	0	0	0	0	0	0	0	0	0	0	0	0	0	0	0	2	2	0	0	0	0	2	0	3
"DLBCL_MC_F139_AD"	1	0.920396485802808	0.0194814730059371	0.019717631231113	0.0194814730059371	0.0209229369542047	0	0	0	2	2	0	2	2	0	2	0	0	0	2	0	0	0	0	0	0	0	0	0	0	0	0	0	0	0	0	0	0	0	0	0	0	0	0	0	0	0	0	0	0	0	0	0	0	0	0	0	0	0	0	0	0	0	0	0	0	0	0	0	1	0	0	0	0	0	0	0	0	0	0	0	0	0	0	0	2	0	0	0	0	0	2	0	0	0	0	0	0	2	2	0	0	1	2	0	0	0	0	0	0	0	3
"DLBCL_LS3809"	1	0.925365185603136	0.0138086259135068	0.0137276847804848	0.0300680939102335	0.0170304097926387	0	0	0	0	0	0	0	0	0	0	0	0	0	0	0	0	0	0	0	0	0	0	0	0	0	0	0	0	0	0	0	0	0	0	2	0	2	1	0	0	0	2	0	1	0	0	0	0	0	0	0	0	0	0	0	1	0	0	0	0	0	0	0	0	0	0	0	0	0	0	0	0	0	0	0	0	1	0	0	0	0	0	0	0	0	0	0	0	0	0	0	0	0	0	0	0	0	0	0	0	2	0	0	0	0	3
"DLBCL_RICOVER_826"	1	0.92618208639477	0.0171721766638591	0.0209846588697527	0.0181252974438673	0.0175357806277514	0	0	0	0	0	0	0	0	2	2	0	0	0	0	0	0	0	0	0	2	0	0	2	0	0	0	0	0	0	0	0	0	0	0	0	1	2	0	0	0	0	2	0	0	0	0	0	0	0	0	0	0	0	0	0	0	0	0	0	0	0	0	0	1	1	0	0	1	0	0	0	1	0	0	0	0	0	0	1	0	2	0	0	0	0	0	0	0	0	0	0	0	0	2	0	0	0	0	0	2	2	0	0	0	0	3
"DLBCL_C_D_1114_NULLPAIR"	1	0.928091184494001	0.0168709287658633	0.0206926815286826	0.0171097883249851	0.0172354168864675	2	0	0	0	0	0	0	0	0	0	0	0	0	0	0	0	2	0	0	0	0	0	0	0	0	0	1	0	0	0	0	0	0	0	0	0	0	0	0	2	0	0	1	0	0	0	0	0	0	0	1	0	0	0	0	0	1	0	0	0	0	0	0	0	0	0	0	0	0	0	0	0	0	0	0	0	0	0	0	0	0	0	0	0	0	0	0	0	0	0	0	0	0	0	2	0	2	0	2	0	0	2	0	0	0	3
"DLBCL_RICOVER_829"	1	0.928265791874304	0.0167813282033515	0.0207618160131163	0.0170301087372665	0.0171609551719616	0	0	0	1	2	0	0	1	0	0	0	0	0	0	0	0	0	0	0	0	0	0	0	0	0	0	2	1	0	0	0	0	0	2	0	0	0	0	2	2	0	0	0	0	0	0	0	0	1	0	0	0	0	1	0	0	1	0	0	0	2	0	0	0	0	0	0	0	0	0	0	0	0	0	0	0	0	0	0	2	0	0	0	0	0	0	0	0	0	0	0	0	2	2	0	0	1	0	2	0	2	0	0	0	2	3
"DFCIDL001_DT"	1	0.928655753485901	0.0170019320787436	0.0190691743145307	0.0179207068124225	0.0173524333084018	0	0	0	0	0	0	2	0	0	0	0	0	0	0	0	0	0	0	0	2	0	0	0	0	0	0	1	0	0	0	0	0	0	0	0	0	0	0	0	0	0	0	0	0	0	0	0	0	0	0	0	0	0	0	0	0	0	0	1	0	0	0	0	0	0	0	2	0	1	1	1	0	0	0	0	0	0	0	0	0	0	0	2	0	0	0	0	0	0	0	0	3	0	0	0	0	0	0	0	0	2	0	0	2	0	3
"DLBCL_RICOVER_473"	1	0.929570638419916	0.0163190551085003	0.020149327335026	0.0172766233947329	0.0166843557418248	0	0	0	0	2	0	0	0	0	0	0	0	0	0	2	0	0	0	0	0	0	0	0	0	0	0	0	2	0	0	0	0	0	0	0	0	0	0	0	0	1	0	1	0	0	0	0	0	0	0	1	0	0	0	0	0	1	0	0	0	0	0	0	1	1	0	0	0	0	0	0	0	0	0	0	0	0	0	0	0	0	0	0	0	0	0	2	0	0	0	0	0	0	0	0	0	1	0	2	2	0	0	0	2	2	0
"DFCIDL010_DT"	1	0.931327859679014	0.0158766468696578	0.0197161445713193	0.0168365215252274	0.0162428273547815	0	0	0	0	0	2	0	0	0	0	2	0	0	0	0	0	0	0	0	0	0	0	0	0	0	0	0	0	0	0	0	0	0	0	0	0	0	0	0	0	0	0	0	0	0	0	0	0	0	0	0	0	0	1	0	0	0	0	0	0	0	0	0	0	1	0	0	0	0	0	0	0	0	0	0	0	0	0	0	0	0	0	0	0	0	0	0	0	0	0	0	0	2	0	0	0	0	2	0	0	2	0	0	0	0	3
"DLBCL_RICOVER_181"	1	0.933562407696852	0.0144077398328797	0.0206795899107069	0.015411236253635	0.0159390263059266	0	0	0	0	0	0	1	0	0	0	0	0	0	0	0	0	0	2	0	0	0	0	0	2	3	0	2	0	0	0	0	0	0	0	0	0	2	1	0	0	0	2	1	1	0	0	0	0	0	0	0	0	0	0	0	1	1	0	0	0	0	0	0	0	0	0	0	0	0	0	0	0	0	0	0	0	0	0	0	0	0	0	0	0	0	0	2	0	0	0	0	0	0	0	0	0	1	0	0	2	0	0	0	0	2	3
"DLBCL_MC_F262_WLC"	1	0.936233006128276	0.0146416986861852	0.0185069485840321	0.0156080113923448	0.015010335209162	0	0	0	0	0	0	0	0	0	0	0	0	0	0	0	0	0	2	0	0	0	0	2	0	0	0	0	0	0	1	0	0	0	0	0	0	0	0	0	0	0	0	0	0	0	0	0	0	0	0	0	0	0	0	0	0	0	0	0	0	0	0	0	0	0	0	0	0	1	0	0	0	0	0	0	0	0	0	0	0	0	0	0	0	0	0	0	0	0	0	0	0	2	2	0	0	0	0	0	2	0	0	0	0	0	3
"DLBCL_LS2978"	1	0.936633353571955	0.0143877526656555	0.0184152348134081	0.0146394703346924	0.0159241886142893	0	0	0	0	0	0	2	0	0	0	0	0	0	0	2	0	0	0	0	0	0	0	0	0	0	0	0	0	0	0	0	0	0	0	0	0	2	0	0	2	0	0	0	0	0	0	0	0	0	0	1	0	0	0	1	1	0	0	0	0	0	0	0	0	0	0	2	0	0	0	1	0	0	0	0	0	0	0	0	2	0	0	0	0	0	0	0	0	0	0	0	0	0	2	0	3	0	0	0	0	2	2	2	0	0	3
"DLBCL_MAYO_DLBCL_5613"	1	0.937163992293633	0.0138619790663201	0.0199126430384564	0.0148300857113656	0.0142312998902249	0	0	0	0	0	2	0	0	0	0	0	0	0	0	0	0	0	0	0	0	0	0	0	0	0	0	0	0	0	0	0	0	0	0	0	0	0	0	0	0	1	0	0	0	0	0	0	0	0	0	0	0	0	0	0	1	1	0	0	0	0	0	0	0	0	0	0	0	0	0	0	0	0	0	0	0	0	0	0	0	0	0	0	0	0	0	0	0	0	0	0	0	0	0	0	0	1	0	2	0	0	2	0	0	2	3
"DLBCL_RICOVER_451"	1	0.937266487874474	0.0149845944669376	0.0152363219835099	0.0159915047182421	0.0165210909568362	0	0	0	0	0	0	0	0	0	0	0	0	0	0	0	0	0	2	0	0	0	0	0	0	0	0	0	0	2	0	0	0	0	0	0	0	0	0	0	0	0	0	1	0	0	0	0	0	0	0	0	0	1	1	0	2	0	0	0	0	0	0	0	0	0	0	0	0	0	0	0	0	0	0	0	0	0	0	0	0	0	2	0	0	0	0	0	0	0	0	0	0	0	0	0	0	0	2	0	2	0	2	0	2	2	0
"DLBCL_RICOVER_865"	1	0.937562748721733	0.0143069149611196	0.0181791460556538	0.0152749729668695	0.0146762172946238	0	0	0	0	0	2	0	2	0	0	0	0	0	0	0	0	0	0	0	0	0	0	0	1	0	0	0	0	0	0	0	0	0	0	0	0	2	0	0	0	1	0	1	0	1	0	0	0	0	0	0	0	1	0	0	0	0	0	0	0	1	0	0	0	0	1	0	0	0	0	0	0	0	0	0	0	0	0	1	0	0	0	0	0	0	0	0	0	0	0	0	3	0	0	0	0	0	0	2	2	2	0	0	0	2	3
"DLBCL_LS4394"	1	0.937703955318173	0.0136492625055983	0.0199545486753521	0.0146581085536499	0.0140341249472264	0	0	0	1	0	0	0	0	0	0	0	0	0	0	0	0	0	0	0	0	0	0	0	0	0	0	0	0	0	0	0	0	0	0	0	0	0	0	0	0	0	0	0	0	0	0	0	0	0	0	1	0	0	0	0	1	1	0	0	0	0	0	0	0	0	0	1	0	0	0	0	0	0	0	0	0	0	0	1	2	0	0	0	0	0	0	2	0	2	0	0	0	0	0	0	0	1	0	2	0	2	0	0	2	0	3
"DLBCL_LS378"	1	0.940424278936907	0.0137689160250529	0.0176554052367745	0.0140118216124249	0.0141395781888407	0	0	0	0	0	0	1	0	0	0	0	0	0	0	0	0	2	0	0	0	0	0	0	0	0	0	0	0	0	0	0	0	0	0	0	0	0	0	0	2	0	0	1	0	0	0	0	0	0	0	1	0	0	0	0	0	1	0	1	0	0	0	0	0	0	0	0	0	0	0	0	0	0	0	0	0	0	0	0	0	0	2	0	0	0	0	2	0	0	0	0	0	0	0	0	0	1	0	2	2	2	0	2	0	0	3
"DLBCL_MC_F132_MLM"	1	0.941056184436904	0.0138533238765641	0.0160407661162007	0.0148255205309285	0.0142242050394029	0	0	0	0	0	0	0	0	0	0	0	0	0	0	0	0	0	0	0	0	2	0	2	0	0	0	0	2	0	0	0	0	0	0	0	0	2	0	0	2	0	0	0	0	0	0	0	0	0	0	1	0	0	0	0	0	0	0	0	0	0	0	0	0	0	0	0	0	0	0	0	0	0	0	0	0	0	0	0	0	0	0	0	0	0	0	0	0	0	0	0	0	0	0	2	0	0	0	0	0	0	0	2	2	2	3
"DLBCL_C_D_1155_NULLPAIR"	1	0.941958468808789	0.0133830374808292	0.0172775796596879	0.0136264463786714	0.0137544676720221	0	0	0	0	0	0	0	0	0	0	0	0	0	0	0	0	0	0	0	0	0	0	0	0	0	0	0	0	0	0	0	0	0	0	0	0	0	0	0	0	0	0	0	0	0	0	0	0	0	0	0	0	0	0	0	0	1	0	0	0	0	0	0	0	0	0	2	0	0	0	0	0	0	0	0	0	0	0	0	0	0	0	0	0	0	0	0	0	0	0	0	0	0	0	2	0	1	0	2	0	0	2	0	0	0	3
"DLBCL_C_D_1129_NULLPAIR"	1	0.941975610457044	0.0138617860231388	0.0157328110575999	0.0145159528086485	0.0139138396535693	0	0	0	0	0	0	0	0	0	0	0	0	0	0	0	0	0	0	0	0	0	0	0	0	3	0	0	0	0	0	0	0	0	0	0	0	0	1	0	0	0	0	0	1	0	0	0	0	0	0	0	0	0	0	0	0	0	0	0	0	0	0	0	0	1	0	0	0	0	0	0	0	0	0	0	0	0	0	0	0	0	0	2	0	0	0	0	0	0	0	0	3	0	2	0	0	0	2	0	2	0	0	0	0	0	3
"DLBCL_C_D_1130_NULLPAIR"	1	0.943354322900831	0.0134590426806119	0.0156528361262433	0.0137027975182676	0.0138310007740459	0	0	0	0	0	0	0	0	0	0	0	0	0	0	2	0	0	0	0	0	0	0	0	0	0	0	0	0	2	0	0	0	0	0	0	0	2	0	0	0	0	0	0	0	0	0	0	0	0	0	1	0	0	0	0	0	0	0	0	0	0	0	0	1	1	0	0	0	0	0	1	1	1	0	0	0	0	0	0	0	0	2	0	0	0	0	1	0	0	0	0	0	2	0	2	3	0	0	0	0	0	2	2	2	0	3
"DLBCL_LS1757"	1	0.944502647392845	0.0125596857303466	0.0164683515437896	0.0135368524180077	0.0129324629150116	0	0	0	0	0	0	0	0	0	0	0	0	0	0	0	0	0	2	0	0	0	0	0	2	0	0	0	0	0	0	0	0	0	0	0	0	0	0	0	2	0	0	0	0	0	0	0	0	0	0	0	0	0	0	0	0	0	0	0	0	0	0	0	1	1	1	0	0	0	0	1	1	1	0	0	0	0	0	1	0	0	0	0	0	0	0	2	0	0	0	0	0	0	0	0	3	0	2	0	0	0	2	2	0	2	3
"DLBCL_RICOVER_977"	1	0.951211978332816	0.0114872043238397	0.01370418734738	0.0117335357813727	0.0118630942145921	0	0	0	0	0	0	2	0	0	0	2	0	0	2	0	0	0	0	0	0	0	0	0	0	0	0	2	0	2	0	0	0	0	0	0	0	0	0	0	2	0	0	0	0	0	0	0	0	0	0	0	0	0	0	0	1	0	0	0	0	0	0	0	0	0	0	0	0	0	0	0	0	0	0	0	0	0	0	0	0	0	0	0	0	0	0	0	0	0	0	0	0	0	2	0	0	0	0	0	2	0	2	2	2	2	3
"DLBCL_RICOVER_290"	1	0.955474905212514	0.0102314703616767	0.0124614736372085	0.0112225830340067	0.0106095677545939	0	0	0	0	0	0	2	0	0	0	0	0	0	0	0	0	0	0	0	0	0	0	0	0	0	0	0	0	0	1	0	0	0	0	0	0	0	0	0	2	0	0	0	0	0	0	0	0	0	0	0	0	0	0	0	0	0	0	0	0	0	0	0	0	0	1	1	0	0	0	0	0	0	0	0	0	0	0	0	0	0	0	0	0	0	0	0	0	1	0	0	0	1	2	0	0	0	2	0	0	0	2	2	2	0	3
"DLBCL_MC_F927_JHS"	2	0.1864406774605	0.251260853555903	0.189417114062598	0.1864406774605	0.1864406774605	0	0	0	0	0	0	0	0	0	0	0	0	0	0	0	0	0	0	0	0	0	0	0	0	0	0	0	0	0	0	0	0	0	0	0	0	0	0	0	0	0	0	0	0	0	0	0	0	0	1	0	0	0	0	0	0	0	0	0	0	0	0	0	0	0	0	0	0	0	0	0	0	0	0	0	0	0	0	0	0	0	0	0	0	0	0	0	0	0	0	0	0	0	0	0	0	0	0	0	0	0	0	0	0	0	0
"DLBCL_RICOVER_111"	2	0.028792920456432	0.538997633690377	0.0239676891649898	0.384488663383845	0.0237530933043569	0	0	0	0	0	0	0	0	0	0	0	0	0	0	0	0	0	0	0	0	0	0	0	0	0	0	0	0	0	0	0	0	0	0	0	0	0	1	0	0	0	1	0	1	0	0	0	0	0	0	0	0	0	0	1	0	1	0	0	0	0	0	0	0	0	0	1	0	0	0	0	0	0	0	0	0	0	0	0	0	0	0	2	0	0	0	2	0	0	0	0	0	2	0	0	0	1	0	0	0	0	0	0	0	0	0
"DLBCL_RICOVER_978"	2	0.0261489798636029	0.597455989448013	0.0224800126763553	0.0224800126763553	0.331435005335673	2	0	0	0	2	0	0	0	0	0	0	2	0	0	0	0	0	0	0	0	0	0	0	0	0	0	0	0	0	0	0	0	0	0	0	1	2	0	0	0	0	0	0	0	0	0	0	1	0	0	1	0	0	0	0	0	0	0	0	2	2	0	0	0	0	0	1	0	0	0	0	0	0	0	0	0	0	0	0	0	0	0	2	2	0	0	2	0	2	0	0	0	0	2	0	0	0	2	0	2	0	0	0	2	2	0
"DLBCL_RICOVER_216"	2	0.0364857657310828	0.649280294574576	0.0364857657310828	0.241262408232176	0.0364857657310828	0	0	0	0	0	0	0	0	0	0	0	0	0	0	0	0	0	0	0	0	0	0	0	0	0	0	0	0	0	0	0	0	0	0	0	0	0	1	0	0	0	0	0	1	0	0	0	0	0	0	0	0	0	0	0	0	0	0	0	0	0	0	0	0	0	0	0	0	0	0	0	0	0	0	0	0	0	0	0	0	0	2	0	0	0	0	0	0	0	0	0	0	0	0	0	0	0	0	0	0	0	0	0	0	0	0
"DLBCL_RICOVER_197"	2	0.0489289397054402	0.764659043103676	0.0489289397054402	0.0489289397054402	0.0885541377800038	0	0	2	0	0	0	0	0	2	0	0	0	0	0	0	0	0	0	0	0	0	0	0	0	0	0	0	0	0	0	0	0	0	0	0	0	0	0	0	0	0	0	0	0	0	0	0	0	0	0	0	0	0	0	0	0	0	0	0	2	0	0	0	0	1	0	0	1	0	0	0	0	0	0	0	0	0	0	0	0	0	0	0	2	0	0	0	0	0	0	0	0	0	0	0	0	0	0	0	0	0	0	0	0	0	0
"DLBCL_RICOVER_320"	2	0.036311491758644	0.843580753382508	0.0474847713415596	0.036311491758644	0.036311491758644	0	0	0	0	0	0	0	0	0	0	0	0	0	0	0	0	0	0	0	0	0	0	0	0	0	0	0	0	0	0	0	0	0	0	0	0	0	0	0	0	0	0	0	0	0	0	0	0	0	0	0	0	0	0	1	0	0	0	0	0	0	0	0	0	0	0	0	0	0	0	0	0	0	0	0	0	1	0	0	0	0	0	0	0	0	2	0	0	0	0	0	0	0	0	0	0	0	0	0	0	0	0	0	0	0	0
"DLBCL_C_D_1162_NULLPAIR"	2	0.0261178635437487	0.854160226619269	0.0672428396610685	0.0263612066321651	0.0261178635437487	0	2	0	0	0	0	0	1	0	0	0	0	0	0	0	0	0	0	0	0	0	0	0	0	0	2	0	0	0	0	0	0	0	0	0	0	1	0	0	0	0	0	0	0	0	0	0	0	0	0	1	0	0	0	0	0	0	0	0	0	0	0	0	0	0	0	0	0	0	0	0	0	0	1	0	0	0	0	0	0	0	0	0	0	2	0	2	0	0	0	0	0	0	0	0	0	0	0	0	0	0	0	0	0	0	0
"DLBCL_LS762"	2	0.0290670124907816	0.879802397024012	0.0327654152962512	0.0292981626981734	0.0290670124907816	0	2	0	0	0	0	0	0	0	0	0	0	0	0	0	0	0	0	0	0	0	0	0	0	0	0	0	0	0	0	0	0	0	0	0	0	0	1	0	0	0	0	0	1	0	0	0	0	0	0	0	0	0	0	0	0	0	0	0	0	0	0	0	0	0	0	0	0	0	0	0	0	0	0	0	0	0	0	0	0	0	0	0	0	0	0	0	2	0	0	0	0	0	0	0	0	0	0	0	0	0	0	0	0	0	0
"DLBCL_RICOVER_208"	2	0.0273971401459305	0.881723983730834	0.036084595831374	0.0273971401459305	0.0273971401459305	0	0	0	0	0	2	0	0	0	0	0	0	0	0	0	0	0	0	0	0	0	0	0	0	0	0	0	0	0	0	0	0	0	0	0	0	0	0	0	0	0	0	0	0	1	0	1	0	0	0	1	1	0	0	1	0	0	1	1	0	0	1	0	0	1	0	0	1	1	0	0	0	0	0	0	1	0	0	1	2	0	2	0	0	0	0	0	0	0	3	1	0	0	0	0	0	0	0	0	0	0	0	0	0	0	0
"DLBCL_LS3615"	2	0.0257554593507385	0.896175450290857	0.0259831176925472	0.0259831176925472	0.0261028549733105	0	0	0	0	0	0	0	0	0	0	0	0	0	0	0	0	0	0	0	0	0	0	0	0	0	0	0	0	2	0	0	0	0	0	0	0	0	0	0	0	0	0	0	0	0	0	0	0	0	0	0	0	0	0	0	0	0	0	0	0	0	0	0	0	1	0	0	0	0	0	0	0	0	0	0	0	0	0	0	0	0	0	2	2	0	0	0	0	0	0	0	0	0	0	0	0	0	0	0	0	0	0	0	0	0	0
"DLBCL_LS4593"	2	0.0243322039818178	0.897923975991171	0.0281299706227315	0.0252816454224615	0.0243322039818178	2	0	0	0	0	0	0	0	0	0	0	0	0	0	0	0	0	0	0	0	0	0	2	0	0	0	2	0	0	0	0	0	0	0	0	0	0	0	0	0	0	0	0	0	1	0	0	0	0	0	0	0	0	0	0	1	0	0	1	1	1	0	0	0	0	0	0	0	0	0	0	0	0	0	0	0	0	1	0	0	0	0	0	0	0	0	0	0	2	3	0	0	0	0	0	0	0	0	0	0	0	0	0	0	0	0
"DLBCL_RICOVER_1046"	2	0.0207779341786636	0.900345216132376	0.0373209813316332	0.0207779341786636	0.0207779341786636	0	0	0	0	0	0	0	0	0	0	0	0	0	0	0	0	0	0	0	0	0	0	0	0	0	0	2	0	0	0	0	0	0	0	0	0	0	1	0	0	0	0	0	1	1	0	1	0	0	0	1	0	0	0	0	0	0	0	1	0	1	0	0	0	0	1	0	1	1	1	0	0	0	1	0	0	0	0	1	2	0	0	0	0	0	0	2	0	2	3	0	0	0	0	0	0	0	0	0	0	0	0	0	0	0	0
"DLBCL_LS4619"	2	0.0208012213951725	0.903820144407491	0.0335166919512031	0.0210607208509605	0.0208012213951725	2	2	0	0	0	0	0	0	0	0	0	0	0	0	0	0	0	0	0	0	0	0	0	0	0	0	1	2	0	0	0	0	0	0	0	0	0	0	0	0	0	0	0	0	0	0	0	0	0	0	0	0	0	0	0	0	0	1	0	0	0	0	0	0	0	1	1	0	0	0	1	0	0	0	0	1	0	0	0	0	0	0	0	0	0	0	0	0	0	3	2	0	0	0	0	0	0	0	0	0	0	0	0	0	0	0
"DLBCL_RICOVER_463"	2	0.0232239991699415	0.904235703262586	0.0254637015496492	0.0234728549604464	0.0236037410573768	0	0	0	0	0	0	0	0	0	0	0	0	0	0	0	0	0	0	2	0	0	0	0	0	3	0	0	0	0	0	0	0	0	0	0	0	0	0	0	0	0	0	0	0	0	0	0	0	0	0	0	0	0	0	0	0	1	0	0	0	0	0	0	0	1	0	1	0	0	0	0	0	0	0	0	0	0	0	0	0	0	0	0	0	0	2	0	0	2	0	0	0	0	0	0	0	1	0	0	0	0	0	0	0	0	0
"DLBCL_RICOVER_440"	2	0.0201487146536801	0.907590089845795	0.0319637661931648	0.0201487146536801	0.0201487146536801	0	2	0	0	0	0	0	0	0	0	0	0	0	0	0	0	0	0	0	0	0	0	0	0	0	1	0	0	0	0	0	0	0	1	0	0	0	0	0	0	0	0	0	0	1	0	0	0	2	2	0	0	0	0	0	0	0	1	0	2	2	0	1	0	0	0	1	0	0	1	0	0	0	0	1	1	0	0	0	2	0	2	2	0	0	0	2	0	0	3	2	0	0	0	0	0	0	0	0	0	0	0	0	0	0	0
"DLBCL_C_D_1113_NULLPAIR"	2	0.0199893772697359	0.910365657203817	0.0286985278852675	0.020957060371444	0.0199893772697359	0	0	0	0	0	0	0	0	0	0	0	0	0	0	0	0	0	0	0	0	0	0	0	0	0	0	0	0	0	0	0	0	0	0	0	0	0	0	0	0	0	0	0	0	0	0	0	0	0	0	0	0	0	0	0	0	0	0	0	0	0	0	0	0	0	0	1	1	0	0	0	0	0	0	0	0	0	0	0	0	0	0	0	2	0	2	0	2	0	0	0	0	0	0	0	0	0	0	0	0	0	0	0	0	0	0
"DLBCL_RICOVER_1283"	2	0.0197523998809991	0.911300827561761	0.0284730157741886	0.0207213569020519	0.0197523998809991	0	0	0	0	0	0	0	0	0	1	0	0	0	0	0	0	0	0	0	0	0	0	0	0	0	0	0	0	0	0	0	0	0	0	0	0	0	0	0	0	0	0	0	0	0	0	1	0	0	0	1	0	0	0	0	0	0	0	0	0	1	0	2	0	0	0	0	0	0	0	0	0	0	0	0	0	0	0	0	0	2	0	0	0	0	0	0	0	2	3	2	0	0	0	0	0	0	0	0	0	0	0	0	0	0	0
"DLBCL_RICOVER_269"	2	0.0181461486757453	0.918607606599058	0.0269539473737065	0.0181461486757453	0.0181461486757453	0	0	0	0	0	2	0	0	0	0	0	0	0	0	0	0	0	0	0	0	0	0	0	2	0	0	0	0	0	0	0	0	0	0	0	0	1	1	0	0	0	0	1	1	0	0	0	0	0	0	1	1	0	1	0	1	1	0	0	0	0	0	0	1	0	0	0	1	0	0	0	0	0	0	0	0	0	0	0	0	0	0	0	0	0	0	0	0	2	3	2	0	0	0	0	0	1	0	0	0	0	0	0	0	0	0
"DLBCL_LS2305"	2	0.0177794214198072	0.919086679974114	0.0265954926051295	0.018758984581142	0.0177794214198072	0	0	2	0	0	0	0	2	0	0	0	1	0	0	0	0	0	0	0	0	0	0	0	0	0	0	2	0	0	0	0	0	0	0	0	0	2	0	0	0	0	0	0	0	1	0	0	0	0	0	1	1	0	0	0	0	1	0	1	1	0	0	0	0	1	0	1	0	0	0	0	0	0	0	0	0	0	0	1	0	0	0	2	0	0	2	0	2	0	3	2	0	0	0	0	0	1	2	0	0	0	0	0	0	0	0
"DLBCL_MC_F362_MJB1"	2	0.017737443384565	0.919252335501219	0.0265555455224274	0.0187172322072232	0.017737443384565	0	0	0	0	0	0	0	0	2	0	0	0	0	0	0	0	0	0	0	0	0	0	0	0	0	0	0	0	0	0	0	0	0	0	0	0	2	0	0	0	0	2	0	0	0	0	0	0	0	0	1	0	1	0	0	0	0	0	1	0	0	0	1	0	0	0	0	1	0	0	0	0	0	0	0	1	0	0	1	0	0	0	0	0	0	0	2	0	2	3	0	0	0	0	0	0	0	0	0	0	0	0	0	0	0	0
"DLBCL_MAYO_DLBCL_234"	2	0.0189139575197887	0.9216207271974	0.0198950418599002	0.0191592286953596	0.0204110447275515	1	2	0	0	0	0	0	0	0	0	0	1	0	0	0	0	2	0	0	0	0	0	0	0	0	0	0	2	0	0	0	0	0	0	2	0	0	0	0	0	0	0	0	0	0	0	0	0	0	0	0	0	0	0	0	0	0	0	0	0	0	0	0	0	0	0	2	0	0	0	0	0	0	0	0	0	0	0	0	0	2	0	0	0	0	0	2	0	2	0	0	0	0	0	0	0	0	0	0	2	0	0	0	0	0	0
"DLBCL_MC_F349_BJJ"	2	0.0168717698190227	0.92266849373668	0.0257317543822211	0.0178562122430532	0.0168717698190227	0	0	0	0	0	0	0	0	0	0	0	0	0	0	0	0	0	0	0	0	0	0	0	0	0	0	0	0	2	0	0	0	0	0	0	0	0	0	0	0	0	0	0	0	0	0	0	0	0	1	0	0	0	0	0	0	0	0	1	0	0	0	0	0	0	1	0	0	0	0	0	0	0	0	0	0	0	0	0	0	0	0	0	0	2	0	0	2	2	3	2	0	0	0	0	0	0	0	0	0	0	0	0	0	0	0
"DLBCL_LS2325"	2	0.0148641734374412	0.927906045557826	0.0275014341298508	0.0148641734374412	0.0148641734374412	0	0	0	0	0	0	0	2	0	0	0	0	0	0	0	0	0	0	0	0	0	0	0	0	0	0	0	0	0	0	0	0	0	0	0	0	0	1	0	0	0	0	0	1	0	0	0	0	0	0	0	0	0	1	0	0	0	0	1	0	0	0	0	0	1	1	0	0	0	1	1	1	1	1	0	0	0	0	0	0	0	2	0	1	2	0	0	0	0	3	2	0	2	0	0	0	1	0	0	0	0	0	0	0	0	0
"DLBCL_LS2599"	2	0.0145504973151907	0.929991280003262	0.0156709785797771	0.0145504973151907	0.02523674678658	0	0	0	0	0	0	0	0	2	0	0	0	0	2	0	2	0	0	0	0	0	0	0	0	0	0	0	0	0	0	0	0	0	0	0	0	0	0	0	0	0	0	1	0	0	0	0	0	0	1	0	0	0	0	0	0	1	0	0	0	1	1	0	0	0	0	0	0	0	0	0	0	0	0	0	0	0	0	0	0	0	0	2	0	0	2	0	0	0	3	2	0	0	0	0	0	1	0	0	0	0	2	0	0	0	0
"DLBCL_C_D_1133_NULLPAIR"	2	0.0148242466199835	0.930748517797844	0.0237832930477472	0.0158196959144421	0.0148242466199835	0	0	0	0	0	0	0	0	0	0	0	0	0	0	0	0	0	0	0	0	0	0	0	0	0	0	1	0	0	0	0	0	0	0	0	0	0	1	0	0	0	0	1	1	0	0	0	0	0	0	1	0	0	1	0	0	0	0	1	0	0	0	0	0	0	0	0	1	0	0	0	0	0	0	0	0	0	0	1	0	0	0	0	0	0	0	2	0	0	3	2	0	0	1	0	0	0	0	0	0	0	0	0	0	0	0
"DLBCL_LS297"	2	0.0147587305860273	0.931007059987259	0.0237209467656579	0.0157545320750286	0.0147587305860273	0	0	0	0	2	0	0	0	0	0	0	0	0	0	2	0	0	0	0	0	2	0	0	0	0	0	0	0	0	1	0	0	0	0	0	0	0	0	0	0	0	0	0	0	1	0	0	0	0	1	0	0	0	0	0	0	0	0	1	0	0	0	0	0	1	0	0	0	0	0	0	0	0	0	0	0	0	0	0	0	0	2	2	0	0	0	0	2	2	3	2	0	0	0	0	0	0	0	0	0	0	0	0	0	0	0
"DLBCL_RICOVER_384"	2	0.0147832000759374	0.931544858554856	0.0241055412173319	0.0147832000759374	0.0147832000759374	0	0	0	0	0	0	0	0	0	0	0	2	0	0	0	0	0	0	0	0	0	0	0	0	0	0	0	0	0	0	0	0	0	0	0	0	0	0	0	0	0	0	0	0	1	0	1	0	0	0	0	0	0	0	0	1	0	0	1	0	0	1	0	0	1	0	1	0	0	1	1	1	1	1	1	1	0	0	0	0	0	0	2	0	2	2	2	0	2	0	2	0	0	0	0	0	0	0	0	0	0	0	0	0	0	0
"DLBCL_RICOVER_1263"	2	0.014565884289149	0.931768078333529	0.0235374306261875	0.0155627224619853	0.014565884289149	0	2	0	0	0	0	0	0	0	0	0	0	0	0	0	0	0	0	0	0	0	0	0	2	0	0	0	0	0	0	0	0	0	0	0	0	0	2	0	0	0	0	0	2	0	0	0	1	0	1	1	0	0	0	0	0	0	0	0	2	0	1	0	0	0	0	2	0	0	0	0	0	0	1	0	0	0	0	0	0	0	0	0	0	2	2	0	0	2	3	2	0	0	2	0	0	1	0	2	0	0	0	0	0	0	0
"DLBCL_LS3820"	2	0.0157614832480687	0.931975245644426	0.0197445405229462	0.0167572473364899	0.0157614832480687	0	0	0	0	2	0	0	0	0	0	0	0	0	0	0	0	0	0	0	0	0	0	0	0	0	0	0	0	0	1	0	0	0	0	0	0	0	0	0	0	0	0	0	0	0	0	0	0	0	0	0	0	0	0	0	0	0	0	0	0	0	0	0	0	0	0	1	0	0	0	0	0	0	0	0	0	0	0	0	0	0	0	0	0	0	0	0	0	0	3	2	0	0	0	0	0	0	0	0	0	0	0	0	0	0	0
"DFCIDL009_DT"	2	0.0156573830959415	0.932388833073202	0.0196426909147093	0.0166537098202052	0.0156573830959415	0	0	0	0	0	0	0	0	0	0	0	0	0	0	0	0	0	0	0	0	0	0	0	0	3	0	0	0	0	0	0	0	0	0	0	0	0	0	0	0	0	0	0	0	0	0	0	0	0	0	0	0	0	1	0	0	1	0	1	0	0	0	0	0	1	0	1	0	0	0	0	0	0	0	0	0	1	0	0	0	0	0	0	0	0	2	0	0	2	0	1	0	0	0	0	0	1	0	0	0	0	0	0	0	0	0
"DLBCL_LS2245"	2	0.0153181809583688	0.932728559348815	0.0213168977760789	0.0153181809583688	0.0153181809583688	0	0	0	0	0	0	0	0	0	0	0	0	0	0	0	0	0	2	0	0	0	0	0	2	0	1	0	0	0	0	0	0	0	0	0	0	1	0	0	0	1	0	0	0	0	0	0	0	0	0	0	1	1	1	0	0	0	0	0	0	1	0	0	0	1	1	1	0	0	0	1	1	1	0	0	0	0	0	1	0	0	0	0	0	0	0	2	0	2	3	2	0	0	0	0	0	0	0	0	0	0	2	0	0	0	3
"DLBCL_RICOVER_1269"	2	0.015028300671155	0.933399091392272	0.0212664794967317	0.0152778277686865	0.015028300671155	0	0	2	1	0	0	0	0	0	0	0	0	0	0	0	0	0	0	0	0	0	0	0	0	0	0	0	0	0	0	0	0	0	0	0	0	0	0	0	0	1	0	0	0	0	0	0	0	0	0	0	1	0	0	0	0	0	2	0	0	0	0	0	0	0	0	0	0	1	1	0	0	0	0	0	0	0	0	0	0	2	0	0	0	0	2	2	0	0	0	2	0	0	0	0	0	0	0	0	0	0	0	0	0	0	0
"DLBCL_LS4592"	2	0.0139550925257959	0.934178411045056	0.0229561897714479	0.0149552141319046	0.0139550925257959	0	2	0	0	2	0	2	0	0	0	0	0	0	2	0	0	0	0	0	0	0	0	0	2	0	0	0	0	0	0	0	0	0	0	0	0	2	0	0	0	0	0	0	0	0	0	0	1	0	0	0	0	0	0	0	0	0	0	0	0	0	1	2	0	0	0	2	0	0	1	0	1	0	0	0	0	0	0	0	0	2	0	0	0	2	0	2	0	2	3	2	0	0	0	0	0	0	0	0	0	0	0	0	0	0	0
"DLBCL_LS1395"	2	0.0141576792351287	0.934368309261354	0.0231586530332602	0.0141576792351287	0.0141576792351287	0	2	0	0	0	0	0	0	0	0	0	0	0	0	0	0	0	0	0	0	0	0	0	0	0	0	0	0	0	0	0	0	0	0	0	0	0	0	0	0	0	0	0	0	0	0	0	0	0	0	1	0	0	0	0	1	0	0	0	0	1	0	0	0	1	0	0	1	0	0	0	0	0	0	0	0	0	0	1	2	0	0	0	0	0	0	2	0	2	3	1	0	0	0	0	0	0	0	2	0	0	0	0	0	0	0
"DLBCL_MC_F606_DMJ"	2	0.0139158439046229	0.934970627426368	0.0232818408597633	0.0139158439046229	0.0139158439046229	0	0	0	0	0	0	0	0	0	0	0	0	0	0	0	0	0	0	0	0	0	0	0	0	0	0	0	0	0	0	0	0	0	0	0	0	0	0	0	0	0	0	0	0	1	0	0	0	0	0	0	0	0	1	0	1	0	0	0	0	0	1	0	0	0	0	0	0	0	0	0	0	0	0	0	1	1	0	1	0	0	0	0	0	0	0	0	0	2	3	2	0	0	0	0	0	0	0	0	0	0	0	0	0	0	0
"DLBCL_LS843"	2	0.0132250100398287	0.937059493933893	0.0222614296361043	0.0142290563503455	0.0132250100398287	0	0	0	0	0	0	0	0	0	0	0	0	2	2	0	0	0	0	0	0	0	0	0	0	0	1	0	0	2	0	0	0	0	0	2	0	0	0	0	0	0	0	0	0	0	0	0	0	0	2	0	0	0	0	1	0	0	0	0	0	1	0	0	0	0	0	1	0	0	0	0	0	0	0	0	0	0	0	0	0	0	0	2	0	0	0	2	2	2	3	2	0	0	0	0	0	0	0	0	0	0	0	0	0	0	0
"DLBCL_MC_F344_CJS"	2	0.0132190996176561	0.937082817895931	0.0222558051679278	0.0142231777008292	0.0132190996176561	0	0	2	0	0	2	0	0	0	0	0	0	0	0	0	0	0	0	0	0	2	0	0	2	0	0	0	0	0	0	0	0	0	0	0	0	0	0	0	2	0	0	0	0	1	1	1	0	0	0	0	0	0	0	0	0	0	0	0	0	0	0	0	0	1	1	1	0	0	0	0	0	0	0	0	0	0	0	0	0	0	0	2	0	0	2	2	2	0	3	2	0	0	0	0	0	0	0	0	0	0	0	0	0	0	0
"DLBCL_MC_F064AB"	2	0.0145808852770896	0.938512988588753	0.0182304717285891	0.0144633963570635	0.0142122580485052	0	0	0	0	2	0	0	0	0	0	2	0	0	0	0	0	0	0	0	0	0	0	0	2	3	0	0	2	0	0	0	0	0	0	0	0	0	0	0	0	0	0	0	0	0	0	0	0	0	0	0	1	0	0	0	0	0	0	0	0	0	0	0	0	0	0	0	1	0	0	0	0	0	0	0	0	0	0	0	0	0	0	0	0	0	0	2	0	0	3	2	0	0	0	0	0	0	0	0	0	0	0	0	0	0	0
"DLBCL_MC_F815_BAT"	2	0.0141280278312237	0.939083333066061	0.0181490871066969	0.0141280278312237	0.0145115241647948	1	0	0	2	0	0	0	0	0	0	0	0	0	0	0	2	0	0	2	0	0	0	0	0	0	1	0	0	0	0	0	0	0	1	1	0	0	0	0	2	0	0	0	0	0	0	0	0	0	0	0	0	0	0	0	0	0	0	1	0	0	0	0	0	1	0	2	0	0	1	0	0	0	0	0	0	0	0	0	0	0	0	0	2	0	0	0	0	2	3	2	0	0	0	0	3	0	0	0	0	0	0	0	0	0	0
"DLBCL_DFCI_DLBCL_GOE16"	2	0.0123024953354344	0.940699961114817	0.0213835474060815	0.0133115008082326	0.0123024953354344	0	0	0	0	0	0	0	0	0	0	0	0	0	0	0	0	0	0	0	0	0	0	0	0	0	0	0	0	0	0	0	0	0	0	0	0	0	0	0	0	0	0	0	0	0	0	0	0	0	0	0	0	0	0	0	0	0	0	0	0	1	0	0	0	0	0	0	0	0	0	0	0	0	0	0	0	0	0	0	0	0	0	2	0	0	0	0	2	2	3	2	0	0	0	0	0	0	0	0	0	0	0	0	0	0	0
"DLBCL_RICOVER_577"	2	0.0135094447461782	0.940922541056284	0.0175411888998712	0.0145173805514882	0.0135094447461782	0	0	0	0	0	0	0	0	0	0	0	0	0	0	0	0	0	0	0	0	0	0	2	0	0	0	0	0	0	0	0	0	0	0	0	0	2	2	0	0	0	0	0	2	1	0	0	0	0	0	0	0	0	0	0	0	0	0	1	0	1	0	0	0	0	0	0	0	0	0	0	0	0	0	0	0	0	0	0	0	0	0	0	0	0	2	2	2	2	0	0	0	2	0	0	0	0	0	0	0	0	0	0	0	0	0
"DLBCL_LS4616"	2	0.0118977234092001	0.942297289489309	0.0209983588778548	0.0129089048144357	0.0118977234092001	0	0	0	0	0	0	0	0	0	0	0	0	0	0	0	2	0	0	0	0	0	0	0	2	3	0	1	0	0	0	0	0	0	0	0	0	0	0	0	0	0	0	0	0	0	0	0	0	0	0	0	1	0	0	0	0	0	0	0	0	0	0	1	0	0	0	0	1	0	1	0	1	0	0	0	0	0	0	1	2	0	0	0	0	0	0	2	0	2	3	2	0	0	0	0	0	0	0	0	0	0	0	0	0	0	0
"DLBCL_C_D_1127_NULLPAIR"	2	0.0126979891073987	0.944146435011775	0.0167472761416048	0.0137103106318227	0.0126979891073987	0	0	0	0	0	0	0	0	0	0	0	0	0	0	0	0	0	0	0	0	0	0	0	0	0	0	0	0	0	0	0	0	0	0	0	0	0	0	0	0	0	0	0	0	1	0	0	0	0	0	0	1	0	0	0	0	0	0	0	0	0	0	0	0	0	0	0	1	0	0	0	1	0	0	0	0	0	0	0	0	0	0	2	0	0	0	2	0	2	3	2	0	0	0	0	0	0	0	0	0	0	0	0	0	0	0
"DLBCL_RICOVER_1013"	2	0.0111441317855778	0.945271145147705	0.0202812270078469	0.0121593642732924	0.0111441317855778	0	0	0	0	0	0	0	0	0	0	0	1	0	0	0	0	0	0	0	0	0	0	0	0	0	0	2	0	0	0	0	0	0	0	0	0	0	1	0	0	0	0	0	1	0	0	0	0	0	0	0	0	0	2	0	0	0	0	0	0	0	1	0	0	0	0	1	0	0	0	0	0	0	0	1	0	1	0	0	0	0	0	0	0	0	0	2	0	2	3	2	0	0	0	0	0	0	0	0	0	0	0	0	0	0	0
"DLBCL_MC_F358_WDS"	2	0.0111038304755326	0.945430183909764	0.0202428755281721	0.012119279610999	0.0111038304755326	0	0	0	0	0	0	2	0	0	0	0	0	0	0	2	0	0	0	0	0	0	0	0	0	3	0	0	0	0	0	0	0	0	0	0	0	2	0	0	0	0	0	0	0	0	0	0	0	0	0	0	0	0	0	1	0	0	0	0	0	1	0	0	0	1	0	0	0	0	0	0	0	0	0	0	0	0	0	0	0	1	0	2	2	0	0	2	2	0	3	2	0	0	0	0	0	0	0	0	0	0	0	0	0	0	0
"DLBCL_LS4618"	2	0.0124479400134559	0.946057087048845	0.0163549074352066	0.0126921254890373	0.0124479400134559	0	0	0	0	0	0	0	0	0	0	0	0	0	0	0	0	0	0	0	0	0	0	0	2	3	0	0	0	0	0	0	0	0	0	0	0	0	0	0	0	0	0	0	0	0	0	0	0	0	0	0	0	0	0	0	0	0	0	0	0	0	0	0	0	0	0	0	0	0	0	0	0	0	0	0	0	0	0	0	2	0	0	0	2	0	0	0	0	2	3	2	0	0	0	0	0	0	0	0	0	0	0	0	0	0	0
"DLBCL_LS155"	2	0.0124717621097266	0.946226915112634	0.0127355161743379	0.0124717621097266	0.0160940444935752	0	2	0	0	0	0	0	0	0	0	0	0	0	2	2	0	0	0	2	0	0	0	2	0	3	0	0	0	0	0	0	0	0	0	0	0	0	0	0	0	0	0	1	0	0	0	0	0	0	0	0	0	0	0	0	0	0	0	0	0	0	0	0	0	0	0	0	0	0	0	0	0	0	0	0	0	0	0	0	0	0	0	0	0	0	2	0	2	0	3	2	0	0	0	0	0	0	0	0	0	0	0	0	0	0	0
"DLBCL_RICOVER_469"	2	0.0108055857097006	0.946607130224789	0.0199590602362597	0.0118226381195498	0.0108055857097006	0	0	0	0	0	0	0	0	0	0	0	0	0	0	0	0	0	0	0	0	0	0	0	0	0	0	0	0	0	0	0	0	0	0	0	0	0	0	0	0	0	0	0	0	0	0	0	0	0	0	0	0	0	0	0	0	0	0	0	0	1	0	0	0	1	0	0	0	0	0	0	0	0	0	0	0	0	0	0	0	0	0	0	2	0	2	2	2	0	3	2	0	0	0	0	0	0	0	0	0	2	0	0	2	0	0
"DLBCL_C_D_1157_NULLPAIR"	2	0.0124860280534447	0.946856676731222	0.0161768473764994	0.0123672117486278	0.0121132360902062	0	0	0	0	0	0	0	0	0	0	0	0	0	0	1	0	0	0	0	0	0	0	0	0	3	0	0	2	0	0	0	0	0	0	0	0	0	0	0	0	0	0	0	0	0	0	0	0	0	0	0	0	0	1	0	0	0	0	0	0	0	0	0	0	0	0	2	0	0	0	0	0	0	0	0	0	0	0	0	0	0	0	0	0	0	2	2	0	0	3	2	0	0	0	0	0	0	0	0	0	0	0	0	0	0	3
"DLBCL_RICOVER_744"	2	0.0104377428243768	0.94805872763064	0.0196090140733878	0.0114567726472187	0.0104377428243768	0	0	0	0	0	0	0	0	0	0	0	0	0	0	0	0	0	0	0	0	0	0	0	0	0	0	0	0	0	0	0	0	0	0	0	0	0	0	0	0	0	0	0	0	1	0	0	0	0	0	0	0	0	0	0	0	0	0	0	0	0	0	0	0	0	0	0	1	0	0	0	1	0	0	0	0	0	0	0	0	0	0	0	2	0	2	2	2	0	3	2	0	2	0	0	0	0	0	2	0	0	0	0	1	0	0
"DLBCL_C_D_1110_NULLPAIR"	2	0.00978637892109411	0.950629167864756	0.0189891640121949	0.0108089102808604	0.00978637892109411	0	0	0	0	0	0	0	0	0	0	2	0	0	0	1	0	0	0	0	0	0	0	2	1	0	0	0	0	0	0	0	0	0	0	0	0	0	1	0	0	0	0	0	1	0	0	0	0	0	0	0	0	0	0	0	0	0	0	0	0	0	1	0	0	2	0	0	0	0	0	0	0	0	0	0	0	0	0	0	0	0	2	0	2	0	0	2	0	0	3	2	0	0	0	0	0	0	0	0	2	0	0	0	2	0	0
"DLBCL_RICOVER_267"	2	0.0110300004498412	0.950773314281498	0.0151153477741214	0.0120513370446987	0.0110300004498412	0	0	0	0	2	0	2	0	0	0	0	0	0	0	0	0	0	0	0	0	0	0	0	0	3	0	2	0	0	0	0	0	0	0	0	0	2	0	0	0	0	2	0	0	0	0	0	0	0	0	0	0	0	0	1	0	0	0	0	1	0	0	0	0	0	0	0	0	0	0	0	0	0	0	0	0	0	0	0	0	0	2	0	2	2	0	2	0	2	3	2	0	0	0	0	0	0	0	0	0	0	0	0	0	0	0
"DLBCL_LS1620"	2	0.00927530907969918	0.952645973641289	0.0185028204017094	0.0103005877976036	0.00927530907969918	0	0	0	0	0	0	0	0	0	0	0	0	0	0	0	0	0	0	0	0	0	0	0	0	0	0	2	0	0	0	0	0	0	0	0	0	0	0	0	0	0	0	0	0	1	0	0	0	0	0	0	0	0	0	0	0	0	0	0	0	0	0	0	0	0	0	0	0	0	0	0	0	0	0	0	0	0	0	0	0	2	2	0	0	0	2	2	2	2	3	2	0	0	0	0	0	0	0	0	0	0	0	0	0	0	0
"DLBCL_C_D_1141_NULLPAIR"	2	0.00886118665156741	0.954280201368302	0.0181087337611615	0.00988869156740206	0.00886118665156741	0	0	0	0	0	0	0	0	0	0	0	0	0	0	0	0	0	0	0	0	0	0	0	0	0	0	2	0	0	0	0	0	0	0	0	0	0	1	0	0	0	0	0	2	0	0	0	0	0	0	0	0	0	0	0	0	0	0	0	0	0	1	0	0	1	0	2	0	0	0	0	0	0	0	0	0	2	0	0	0	0	0	0	0	0	2	2	0	2	3	2	0	0	0	0	0	0	0	0	0	0	0	0	2	0	0
"DLBCL_LS1098"	2	0.00832551806155663	0.961518158494345	0.0124693336607738	0.00936147172176781	0.00832551806155663	0	0	0	0	0	0	0	0	0	0	0	0	0	0	0	0	0	0	0	0	0	0	2	2	0	0	2	0	0	1	0	0	0	0	0	0	0	0	0	0	0	0	0	0	0	0	0	0	0	0	0	0	0	1	0	0	0	0	0	0	0	1	0	0	0	0	0	0	0	0	0	0	0	0	0	0	0	0	0	0	0	2	0	0	0	2	2	0	2	3	1	0	0	0	0	0	0	0	0	0	2	0	0	0	0	0
"DLBCL_LS3309"	3	0.0134958625612062	0.47646605179218	0.483046360524201	0.0134958625612062	0.0134958625612062	0	0	0	0	0	0	0	0	0	0	0	0	0	0	0	0	0	0	0	0	0	0	0	0	0	0	0	0	0	0	1	0	0	1	0	0	0	0	0	0	0	0	2	0	1	0	1	0	0	0	1	1	1	1	0	0	0	1	0	2	2	1	0	0	1	1	1	0	0	1	0	1	1	1	0	0	0	0	1	2	0	0	0	2	0	2	0	2	2	3	2	0	0	0	0	0	0	0	0	0	0	0	0	0	0	0
"DLBCL_C_D_1111_NULLPAIR"	3	0.0796460156861149	0.0796460156861149	0.680790071289058	0.0802718816525974	0.0796460156861149	0	0	0	0	0	0	0	0	0	0	0	0	0	0	0	0	0	0	0	0	0	0	0	0	0	0	0	0	0	0	0	0	0	0	0	0	0	0	0	0	0	0	0	0	0	0	0	0	0	0	0	0	0	0	0	0	0	0	0	0	0	0	0	0	0	0	0	0	0	0	0	0	0	0	0	0	1	0	0	0	0	0	0	0	0	0	0	0	0	0	0	0	0	0	0	0	0	0	0	0	0	0	0	0	0	0
"DLBCL_MC_F496DMP"	3	0.0518957848036761	0.0505432158255241	0.796474567719752	0.0505432158255241	0.0505432158255241	0	0	0	0	0	0	0	0	0	0	0	0	0	0	0	0	0	0	0	0	0	0	2	0	0	1	0	0	0	0	0	0	0	0	0	0	0	0	0	0	0	0	0	0	0	0	0	0	1	0	0	0	0	0	0	0	0	0	0	1	0	0	0	0	0	0	0	0	0	0	1	0	0	0	0	0	0	0	0	0	0	0	0	0	0	0	2	0	0	0	0	0	0	0	1	0	0	0	0	0	0	0	0	0	0	3
"DLBCL_RICOVER_1060"	3	0.0490522409893497	0.0490522409893497	0.800330311961136	0.0525129650708153	0.0490522409893497	0	0	0	0	0	0	0	0	0	0	0	0	0	0	0	0	0	0	0	0	0	0	0	0	0	0	0	0	0	1	0	0	0	0	0	0	0	1	0	0	0	0	0	1	0	0	0	0	0	2	0	0	0	0	0	0	1	0	0	0	0	0	0	0	1	0	0	0	0	0	0	0	0	0	0	0	0	0	0	0	0	0	0	0	0	0	0	0	0	0	0	0	0	0	0	0	0	0	0	0	2	0	0	0	0	0
"DLBCL_LS3085"	3	0.0465576919229307	0.0465576919229307	0.813769232308277	0.0465576919229307	0.0465576919229307	0	0	0	0	0	0	0	0	0	0	0	0	0	0	0	0	0	0	0	0	0	0	0	0	0	0	0	0	0	0	0	0	0	0	0	0	0	0	0	0	0	0	0	0	0	0	0	0	0	0	0	0	0	0	0	0	1	0	0	0	0	0	0	0	0	0	1	0	0	0	0	0	0	0	0	0	0	0	0	0	0	0	0	0	0	0	0	0	0	0	0	0	0	0	0	0	1	0	0	0	0	0	0	0	0	0
"DLBCL_RICOVER_678"	3	0.0371022787479691	0.0371022787479691	0.84798115944107	0.0407120043150224	0.0371022787479691	0	0	0	0	0	0	0	0	0	0	0	0	0	0	0	0	0	0	0	0	0	0	0	0	0	0	0	0	0	1	0	0	0	0	0	0	0	0	0	0	0	0	0	2	0	0	0	0	2	0	0	0	0	0	0	0	0	0	0	0	0	1	0	0	0	0	0	0	0	0	0	0	0	0	0	0	0	0	1	2	0	0	0	0	0	0	0	0	0	0	0	3	2	0	0	0	0	0	0	0	0	0	0	0	0	0
"DLBCL_C_D_1149_NULLPAIR"	3	0.0363053509416471	0.0363053509416471	0.852865779157059	0.0382181680179992	0.0363053509416471	0	0	0	0	0	0	0	0	0	0	0	0	0	0	0	0	0	0	0	0	0	0	0	0	0	0	0	0	0	0	1	0	0	0	0	0	0	0	0	0	0	0	0	2	0	1	1	0	0	0	0	1	0	0	0	1	0	0	1	0	0	0	0	0	0	0	0	0	0	0	0	0	0	0	1	0	0	0	0	0	0	0	0	0	0	0	0	0	0	0	0	0	1	0	0	0	0	0	0	0	0	0	0	0	0	0
"DLBCL_LS4054"	3	0.0318402673445836	0.0318402673445836	0.871735104814541	0.0327440931517078	0.0318402673445836	0	0	0	0	0	0	0	0	0	0	0	0	0	0	0	0	0	0	0	0	2	0	0	0	0	0	0	0	0	0	0	0	0	0	0	0	0	0	0	0	0	0	0	0	0	0	0	0	0	0	0	0	0	0	0	0	0	0	0	0	1	0	0	0	0	0	0	1	0	0	0	0	0	0	0	1	0	0	0	0	0	0	0	0	0	0	0	0	0	0	0	0	0	0	0	0	0	0	0	0	0	0	0	0	0	0
"DLBCL_RICOVER_1165"	3	0.0280035484080191	0.0276320400247103	0.876698370170898	0.0400340013716624	0.0276320400247103	0	0	0	0	0	0	0	0	0	0	0	0	0	0	0	0	0	0	0	0	0	0	0	0	3	0	0	0	0	0	0	0	0	0	0	0	0	0	0	2	1	0	0	0	0	0	0	0	0	0	1	0	0	0	0	1	0	0	0	0	1	0	0	0	0	0	0	0	1	0	0	0	0	0	0	0	0	0	1	2	0	0	0	0	0	0	0	0	2	0	0	0	0	0	2	0	0	0	0	0	0	0	0	0	0	0
"DLBCL_LS1065"	3	0.0302844610309553	0.0302844610309553	0.876812487767601	0.0323341291395328	0.0302844610309553	2	0	0	0	0	0	2	0	0	0	0	0	0	0	0	0	0	0	0	0	0	0	0	0	0	0	2	0	0	1	0	0	0	0	0	0	0	0	0	0	0	0	1	0	1	1	0	0	2	0	1	0	0	1	0	0	0	0	0	0	0	0	0	1	1	1	0	0	0	0	0	0	0	1	0	1	1	0	1	2	0	2	0	0	0	0	0	0	0	0	0	0	2	0	0	0	0	0	0	0	0	0	0	0	0	0
"DLBCL_RICOVER_1169"	3	0.0291891881421651	0.0291891881421651	0.882354995376715	0.0300774401967898	0.0291891881421651	0	0	0	0	0	0	0	0	0	0	0	0	0	0	0	0	0	0	0	0	0	0	0	0	0	0	0	0	0	0	0	0	0	0	0	0	0	0	0	0	0	0	0	0	0	0	0	0	0	0	0	0	0	0	0	0	0	0	0	0	0	0	0	0	0	0	1	0	0	0	0	0	0	0	0	0	1	0	0	0	0	0	0	0	0	0	0	0	0	0	0	0	0	0	0	0	0	0	0	0	0	0	0	0	0	0
"DLBCL_MC_F990_MNA"	3	0.0256678015871545	0.0256678015871545	0.884334673157714	0.0386619220808223	0.0256678015871545	0	0	0	0	0	0	0	0	0	0	0	0	0	0	0	0	0	0	0	0	2	0	0	0	3	1	2	0	0	0	0	0	0	2	0	1	2	0	2	2	0	2	0	0	0	0	1	1	0	0	1	0	0	0	0	1	1	0	1	0	0	1	0	1	1	0	1	1	1	0	1	1	1	0	1	1	0	0	1	0	0	0	0	0	0	0	0	0	0	0	0	0	1	0	0	0	1	0	0	0	0	0	0	0	0	0
"DLBCL_LS1668"	3	0.0281467008805302	0.0281467008805302	0.886519523270799	0.02904037408761	0.0281467008805302	0	0	0	0	0	0	0	2	2	0	0	0	0	2	2	2	0	0	0	0	0	0	2	0	0	0	2	0	0	0	1	0	0	0	0	0	2	1	0	0	0	0	0	1	1	1	0	0	0	0	1	0	0	0	0	1	0	1	1	0	0	0	0	1	0	0	2	1	1	1	0	0	0	1	1	1	0	0	1	2	0	0	0	0	0	0	2	0	0	3	2	0	2	0	0	0	0	0	0	0	0	0	0	0	0	0
"DLBCL_LS3245"	3	0.0249533751163854	0.038472121198547	0.886667753452297	0.0249533751163854	0.0249533751163854	0	0	0	0	0	0	0	1	0	0	1	0	0	0	0	0	0	0	2	0	0	0	0	0	0	0	2	0	0	1	0	0	0	0	0	0	0	1	0	0	0	0	0	1	1	0	0	0	0	0	1	0	0	1	0	0	1	1	0	1	1	1	0	1	0	1	2	1	1	0	0	1	0	0	0	1	0	0	0	2	0	2	0	0	0	0	2	0	0	3	2	0	0	0	0	0	1	0	0	0	0	0	0	0	0	0
"DLBCL_LS3204"	3	0.0268546603025083	0.0268546603025083	0.891680966700835	0.0277550523916401	0.0268546603025083	0	2	0	0	0	0	0	2	0	0	0	0	0	0	0	0	0	0	0	0	0	0	0	0	0	0	0	0	0	0	0	0	0	0	0	0	0	0	0	0	0	0	0	0	0	0	0	0	0	0	0	0	0	0	0	1	1	0	0	1	0	0	1	0	0	0	1	1	0	0	1	0	0	0	0	0	1	0	0	0	0	0	0	0	0	0	0	0	0	0	0	0	0	0	0	0	1	0	0	0	0	2	0	0	0	0
"DLBCL_MC_F500_ECU"	3	0.0271115286241025	0.0267696304375285	0.892579580063312	0.0267696304375285	0.0267696304375285	0	0	0	0	0	0	0	0	0	0	0	0	0	0	0	0	1	0	0	0	0	0	0	0	0	0	0	2	0	0	0	0	0	0	0	0	0	0	0	0	1	0	0	0	0	0	0	0	0	0	0	0	0	1	0	0	0	0	0	0	0	0	0	0	0	1	0	0	0	1	0	0	0	0	0	0	1	0	0	0	0	0	0	0	0	0	0	0	0	0	0	0	0	0	0	0	0	0	0	0	0	0	0	0	0	0
"DLBCL_DFCI_DLBCL_GOE05"	3	0.0253633161850727	0.0253633161850727	0.894542903860377	0.0293671475844045	0.0253633161850727	0	0	0	0	0	0	0	0	0	0	0	0	0	0	0	0	0	0	0	0	0	0	0	0	0	0	0	0	0	0	0	0	0	1	0	0	2	1	0	2	0	0	0	1	0	0	0	0	1	0	0	0	0	0	0	0	0	1	0	0	0	0	0	0	0	0	0	0	0	0	0	0	0	0	0	0	1	0	1	2	0	0	0	0	0	0	2	0	0	0	0	0	0	0	0	0	0	0	0	0	0	0	0	0	0	0
"DLBCL_RICOVER_623"	3	0.0256878691445128	0.0256878691445128	0.896342063774024	0.0265943287924375	0.0256878691445128	0	0	0	2	0	0	0	0	0	0	0	0	0	2	0	0	0	0	0	0	0	0	0	0	0	0	0	0	0	0	0	0	0	0	0	0	0	0	0	0	1	0	0	0	0	0	0	0	0	0	1	0	0	1	1	1	1	0	1	1	0	0	0	0	1	0	2	0	0	0	0	0	0	0	0	0	1	0	1	0	0	0	0	0	0	0	0	2	0	0	0	0	0	0	2	0	1	0	0	0	0	0	0	0	0	0
"DLBCL_C_D_1117_NULLPAIR"	3	0.0259695412813924	0.0256014678601929	0.896592644901316	0.0258522288823874	0.0259841170747108	0	0	0	0	0	0	0	0	0	0	0	2	0	0	2	0	2	0	0	0	0	0	0	2	0	0	0	0	0	0	0	0	0	0	0	0	1	0	0	0	0	0	0	0	0	0	1	0	1	0	0	0	0	0	0	0	0	0	1	0	1	0	0	0	0	0	0	1	1	0	0	1	0	0	1	0	0	0	1	2	0	0	0	0	0	0	0	0	0	0	0	0	0	2	0	0	0	2	0	2	0	0	0	0	0	0
"DLBCL_MC_F729_MAN"	3	0.0248625271756273	0.0248625271756273	0.899639139698186	0.0257732787749318	0.0248625271756273	0	0	0	0	0	0	0	0	0	0	0	0	0	0	0	0	0	0	0	0	0	0	1	0	0	2	0	0	0	0	0	0	0	0	0	0	0	0	0	0	1	0	0	0	0	0	0	1	0	0	1	0	0	0	0	0	1	0	0	0	0	1	0	0	0	0	0	0	0	0	0	0	1	0	0	1	0	0	0	2	0	0	0	0	0	0	0	0	1	0	0	0	0	0	0	0	1	0	0	0	0	0	0	0	0	0
"DLBCL_MC_F959_ERM"	3	0.0243926290844384	0.0243926290844384	0.901453398156957	0.025368714589728	0.0243926290844384	0	0	0	0	0	0	0	0	0	0	0	0	0	0	2	0	0	0	0	0	0	0	0	0	0	0	0	0	0	0	0	0	0	2	0	0	0	2	0	2	0	0	0	2	0	0	1	0	0	0	0	0	0	1	1	1	1	0	0	0	1	0	0	1	0	1	2	0	0	0	0	0	0	1	0	0	0	0	0	2	0	0	0	0	0	0	2	0	0	0	0	3	0	0	0	0	1	0	0	0	0	0	0	0	0	3
"DLBCL_RICOVER_822"	3	0.0225798862100026	0.0225798862100026	0.905612809079294	0.0266475322906979	0.0225798862100026	0	0	0	0	0	0	0	0	0	0	0	0	0	0	2	0	0	0	0	0	0	0	0	0	0	0	0	0	0	1	0	0	0	0	0	0	1	2	0	0	0	0	0	2	0	0	0	0	0	0	0	0	1	0	1	2	0	0	0	0	2	0	0	0	0	0	1	0	0	0	0	0	0	0	0	1	0	1	0	2	0	0	0	0	0	0	0	0	2	0	0	0	0	0	0	0	0	0	0	0	0	0	0	0	0	0
"DLBCL_LS2328"	3	0.0171596469188409	0.0377375972967131	0.910783461946764	0.0171596469188409	0.0171596469188409	0	0	0	0	0	0	2	0	0	0	0	0	0	0	0	0	2	0	0	0	0	0	0	0	0	0	0	0	0	0	0	0	0	0	0	0	0	0	0	0	0	0	0	0	1	0	0	0	0	0	1	1	0	0	1	0	1	0	1	0	0	1	2	0	1	0	0	1	1	1	0	0	0	1	0	0	1	0	1	2	0	0	2	0	0	0	2	0	2	3	0	0	0	0	0	0	1	0	0	0	2	0	0	0	0	0
"DLBCL_RICOVER_1072"	3	0.0203820377863829	0.0203820377863829	0.917537797770415	0.0213160888704357	0.0203820377863829	0	0	0	2	0	0	0	0	0	0	0	0	2	0	0	0	0	0	0	2	0	0	2	0	0	0	1	0	0	0	0	0	0	1	0	0	0	0	0	2	0	0	0	0	0	0	0	0	0	0	0	0	0	1	0	1	1	0	1	0	1	1	0	1	2	0	1	1	0	1	1	0	1	1	1	1	0	0	0	0	0	0	0	2	0	0	0	0	0	0	0	0	0	0	0	0	1	0	0	0	0	0	0	0	0	0
"DLBCL_RICOVER_496"	3	0.0203646265733074	0.0203646265733074	0.917575988565845	0.0213301317142328	0.0203646265733074	0	0	0	0	0	0	0	0	0	0	0	0	0	0	0	0	0	0	0	0	0	0	0	0	3	0	0	0	0	0	0	0	0	0	0	0	0	0	0	0	0	0	0	0	0	0	0	0	0	0	0	0	0	0	0	0	0	0	0	0	0	0	0	0	1	0	0	0	0	1	1	1	1	1	0	0	0	0	0	0	0	0	0	0	0	0	0	0	0	0	0	0	0	0	0	0	0	0	0	0	0	0	0	0	0	0
"DLBCL_MAYO_DLBCL_7359"	3	0.0192172454664979	0.0192172454664979	0.92219090988554	0.020157353714966	0.0192172454664979	0	0	0	0	0	0	1	0	0	2	0	0	0	0	0	0	0	0	0	0	0	0	0	0	0	0	0	0	0	0	1	0	0	1	0	1	0	0	0	0	1	0	0	1	0	0	1	1	0	0	0	0	0	0	0	0	0	1	1	1	0	0	0	0	1	1	2	0	1	0	1	1	1	1	1	0	1	0	1	2	0	0	0	0	0	0	0	0	0	0	0	3	0	0	0	0	0	0	0	0	0	0	0	0	0	0
"DLBCL_LS146"	3	0.0186843382764369	0.0186843382764369	0.924319767416602	0.0196272177540875	0.0186843382764369	0	0	0	0	0	0	0	0	0	0	0	0	2	0	0	0	0	0	0	0	0	0	0	0	0	0	0	0	0	1	1	0	0	0	0	0	0	1	0	0	1	0	0	1	1	0	0	1	0	0	0	0	0	2	2	1	0	1	0	0	0	0	1	1	0	0	2	0	1	1	0	0	0	1	0	0	1	0	1	2	0	0	0	2	0	0	0	0	0	0	0	0	0	0	0	0	0	0	0	2	0	0	0	0	0	0
"DLBCL_MC_F502_RFK"	3	0.0179747592419998	0.0194995500227943	0.925414043081208	0.0191368884119983	0.0179747592419998	0	0	0	0	0	0	0	0	0	0	0	0	0	0	0	0	0	0	0	0	0	0	0	0	0	0	0	0	0	1	0	0	0	0	0	1	0	2	0	0	0	0	1	1	0	0	0	0	0	1	0	0	1	0	0	1	0	0	0	0	1	0	0	0	0	1	0	1	0	0	0	0	0	0	1	1	1	0	1	2	0	0	2	0	0	2	2	0	0	3	2	0	0	0	0	0	0	0	0	0	0	0	0	0	0	0
"DLBCL_C_D_1126_NULLPAIR"	3	0.0183095939508624	0.0183095939508624	0.925816795969792	0.0192544221776204	0.0183095939508624	0	0	0	0	0	0	0	0	0	0	0	0	0	0	0	0	2	0	0	0	0	0	0	0	0	0	0	0	0	0	0	0	0	0	0	0	1	0	0	2	0	0	1	1	0	0	0	0	1	2	0	0	0	0	0	0	0	0	0	1	1	0	0	0	0	0	1	0	0	0	0	0	0	1	0	0	2	0	1	2	0	0	0	0	0	1	0	0	0	0	0	0	0	0	0	0	0	0	2	0	0	0	0	0	0	0
"DLBCL_RICOVER_787"	3	0.0182665358416574	0.0182665358416574	0.92595707466345	0.0192433178115775	0.0182665358416574	0	0	0	0	0	0	0	0	0	0	0	0	0	0	0	0	0	2	0	2	2	0	0	0	0	0	0	0	0	0	0	0	0	0	0	0	0	0	0	0	0	0	0	0	0	0	0	0	0	0	0	0	0	1	0	0	0	0	0	0	1	0	1	0	1	0	0	0	0	1	1	1	1	1	0	0	0	0	0	0	0	0	0	0	0	2	0	0	0	0	0	0	2	0	0	0	0	0	0	0	0	0	0	0	0	0
"DLBCL_RICOVER_325"	3	0.0182323775787421	0.0182323775787421	0.92612525991694	0.0191776073468337	0.0182323775787421	0	0	0	0	0	0	0	0	0	0	0	0	0	0	0	0	0	0	0	0	0	0	0	0	0	0	0	0	0	0	0	0	0	1	0	0	0	0	0	0	0	0	0	0	0	0	0	0	0	0	0	0	0	0	0	0	1	0	0	0	1	1	0	0	0	0	1	0	1	0	0	0	0	0	1	1	0	0	0	2	0	0	0	0	0	0	0	0	0	0	0	0	0	0	0	0	0	0	0	0	0	0	0	0	0	0
"DLBCL_C_D_1135_NULLPAIR"	3	0.0181974165334691	0.0181974165334691	0.926233180393386	0.0191745700062069	0.0181974165334691	0	0	0	0	0	0	0	0	0	0	2	2	0	0	0	0	0	0	0	0	0	0	2	0	0	0	0	0	0	0	0	0	0	0	0	0	0	1	0	0	1	0	0	1	1	0	0	1	0	0	1	0	0	0	0	1	1	0	1	1	1	0	0	0	0	1	0	0	1	1	0	0	0	1	1	0	1	1	0	2	0	0	0	0	0	0	0	2	0	0	0	3	0	0	0	0	1	0	0	0	0	0	0	0	0	3
"DLBCL_C_D_1152_NULLPAIR"	3	0.018183424014004	0.018183424014004	0.926320819607086	0.0191289083509018	0.018183424014004	0	0	0	0	0	0	0	0	0	0	0	0	0	0	0	0	0	0	0	2	0	0	0	0	3	0	0	0	0	0	1	0	0	0	2	0	2	0	0	0	0	0	0	0	1	1	0	1	0	0	0	0	0	0	0	0	0	1	1	0	0	1	0	0	1	0	1	0	1	0	1	1	1	1	1	1	0	0	1	0	0	0	0	0	0	2	0	0	0	0	0	0	0	0	0	0	0	0	0	0	0	0	0	0	0	0
"DLBCL_LS1921"	3	0.017592500854795	0.017592500854795	0.92868143931953	0.0185410581160855	0.017592500854795	0	0	0	2	0	0	0	2	0	0	0	0	0	0	0	2	0	0	0	0	0	2	0	0	0	0	0	0	0	0	0	0	0	0	0	0	0	0	0	0	0	0	0	0	0	1	0	0	0	1	0	0	0	1	0	1	1	0	0	1	1	1	1	0	1	0	2	0	0	1	1	1	1	1	0	0	1	0	1	0	0	0	2	0	0	0	0	0	0	3	0	0	0	0	1	0	0	0	0	0	0	0	0	0	0	0
"DLBCL_RICOVER_266"	3	0.0171843388162026	0.0171843388162026	0.93028004616706	0.0181669373843329	0.0171843388162026	0	0	0	0	0	0	0	0	0	0	0	0	0	0	0	0	0	0	0	0	0	0	0	0	0	0	0	0	0	1	1	0	0	0	0	0	0	0	0	0	0	0	0	0	0	0	0	0	0	0	0	0	1	0	0	0	0	1	0	0	0	0	0	0	0	0	1	1	0	1	0	0	0	1	1	1	0	0	1	0	0	0	0	0	0	0	0	0	0	0	0	0	0	0	0	0	0	0	0	0	0	0	0	0	0	3
"DLBCL_LS88"	3	0.0166274475043036	0.0166274475043036	0.932536634241622	0.0175810232454671	0.0166274475043036	0	0	0	0	0	0	0	0	0	0	0	0	0	0	0	0	0	0	0	0	0	0	0	0	0	0	0	0	0	2	1	0	0	0	0	0	2	0	0	0	0	0	0	0	0	0	0	0	0	0	0	1	1	0	0	0	0	1	0	0	1	0	0	0	1	1	0	0	0	0	1	1	0	0	0	1	0	0	1	2	0	0	0	0	0	0	0	0	0	3	0	0	0	0	0	0	0	0	0	0	0	0	0	0	0	0
"DLBCL_C_D_1108_NULLPAIR"	3	0.0161392455281172	0.0161392455281172	0.933222516882442	0.0183597465332064	0.0161392455281172	0	0	0	0	0	0	0	0	0	0	0	0	0	1	0	0	0	0	0	0	0	0	0	0	0	0	0	0	0	1	0	0	0	0	0	0	0	1	0	0	1	0	0	1	0	0	0	1	0	0	0	0	0	0	0	0	0	0	0	1	1	0	1	0	1	1	0	0	1	0	0	0	0	0	0	0	1	1	0	2	0	0	0	0	0	0	0	0	0	0	0	0	0	0	0	0	0	0	0	0	0	0	0	0	0	0
"DLBCL_RICOVER_288"	3	0.0163505662198072	0.0163505662198072	0.933642719538844	0.0173055818017347	0.0163505662198072	0	0	0	0	1	0	0	0	0	0	0	0	0	0	2	0	0	0	0	0	0	0	0	0	0	0	1	0	0	0	0	0	0	0	0	0	0	0	0	0	0	0	0	0	0	0	0	0	0	0	0	0	1	1	1	1	1	1	0	0	0	0	0	1	0	0	2	1	1	1	0	0	0	1	0	1	1	0	0	2	0	0	0	0	0	0	0	0	0	0	0	0	0	0	0	0	1	0	0	0	0	0	0	0	0	0
"DLBCL_DFCI_DLBCL_GOE07"	3	0.016252493415307	0.016252493415307	0.934034500757687	0.0172080189963917	0.016252493415307	0	0	0	0	0	0	0	0	0	0	0	0	0	0	0	0	0	0	0	0	0	0	0	0	0	0	0	0	0	0	0	0	0	0	0	0	0	1	0	0	0	0	0	1	0	0	0	0	0	1	0	0	0	1	0	0	1	0	0	0	0	0	0	0	0	0	0	0	0	0	0	0	0	0	1	1	1	0	1	0	0	0	0	0	0	0	0	0	0	0	0	0	0	0	0	0	1	0	0	0	0	0	0	0	0	0
"DLBCL_RICOVER_839"	3	0.0162119975586505	0.0162119975586505	0.934196273597363	0.0171677337266851	0.0162119975586505	0	0	0	0	0	0	0	0	0	0	0	0	0	0	0	2	0	0	0	0	0	0	0	0	0	0	0	0	0	0	0	0	0	0	0	0	0	0	0	0	0	0	0	0	0	0	0	0	1	0	0	0	0	0	0	0	1	0	0	0	0	0	0	0	0	1	0	0	1	0	0	0	0	0	1	1	1	0	1	2	0	0	0	0	0	0	0	0	0	0	0	0	0	0	0	0	1	0	0	0	0	0	0	0	0	0
"DLBCL_C_D_1131_NULLPAIR"	3	0.0158155922774719	0.0158155922774719	0.935747675575955	0.0168055475916293	0.0158155922774719	0	0	0	0	0	0	0	0	0	0	0	0	0	0	0	0	0	0	0	0	0	0	0	0	0	0	0	0	0	0	0	0	0	0	0	0	0	0	2	2	0	0	0	0	0	0	1	0	0	0	1	0	1	0	0	1	0	0	1	1	0	0	0	0	0	0	0	1	1	0	1	0	1	0	0	0	0	0	0	2	0	0	0	0	0	0	2	0	0	0	0	0	2	0	0	0	0	0	0	0	0	0	0	0	0	0
"DLBCL_RICOVER_1210"	3	0.0152961041721159	0.0152961041721159	0.937444677338279	0.0162884442866204	0.0156746700308689	0	0	0	0	0	0	0	0	0	0	0	0	0	0	2	0	0	0	0	0	0	0	0	2	0	0	0	0	0	0	0	0	0	0	0	0	1	0	0	0	0	0	0	0	0	0	0	0	0	0	0	1	0	0	0	0	0	0	0	1	0	0	0	1	0	0	0	0	0	1	0	1	0	0	0	0	2	0	1	2	0	0	0	0	0	0	0	2	2	0	0	0	0	0	0	0	0	0	0	0	0	0	0	0	0	0
"DFCIDL003_DT"	3	0.0151274282361863	0.0151274282361863	0.938528910899221	0.0160888043922204	0.0151274282361863	0	2	0	0	0	0	0	0	0	0	0	0	0	0	0	0	0	0	0	0	0	0	0	0	0	0	0	0	0	1	0	0	0	0	0	0	2	0	0	0	0	0	1	0	1	0	0	1	0	1	1	1	0	0	0	1	0	0	0	1	0	1	0	0	1	0	2	1	1	0	1	1	1	0	1	1	1	0	1	2	0	0	0	0	2	0	2	0	0	3	0	0	0	0	0	0	1	0	0	0	0	0	0	0	0	3
"DLBCL_RICOVER_1235"	3	0.014815222605972	0.014815222605972	0.939776109885306	0.0157782222967782	0.014815222605972	0	0	0	0	0	0	0	0	0	0	0	0	0	2	0	0	0	0	0	0	0	0	0	0	0	0	0	0	0	0	0	0	0	0	0	0	1	0	0	0	0	0	1	1	1	0	0	0	0	0	1	1	0	0	0	1	0	0	0	1	0	0	1	1	1	0	2	1	1	0	0	1	1	0	0	0	2	0	1	2	0	0	0	0	0	0	1	0	2	3	2	0	2	0	0	0	1	0	0	0	0	0	0	0	0	0
"DLBCL_RICOVER_299"	3	0.0147649540888622	0.0147649540888622	0.939976922546911	0.0157282151865028	0.0147649540888622	0	0	0	0	0	0	0	0	0	0	0	0	0	0	0	0	0	0	0	0	0	0	0	0	0	0	1	0	0	0	1	0	0	0	0	0	2	1	0	0	0	1	1	1	0	1	0	0	0	0	0	0	1	2	0	0	1	1	0	1	1	0	1	1	1	1	2	1	0	1	1	1	1	0	1	1	1	0	1	0	0	0	0	0	0	2	2	0	2	3	2	0	0	0	0	0	1	0	0	0	0	0	0	0	0	0
"DLBCL_RICOVER_533"	3	0.0146774084386004	0.0146774084386004	0.940326649892211	0.0156411247919878	0.0146774084386004	0	0	0	0	0	2	0	0	0	0	0	0	2	0	0	0	0	2	0	0	0	0	0	0	0	0	0	0	0	0	0	0	0	0	0	0	0	1	0	0	0	0	0	1	0	0	0	0	0	0	1	1	1	0	0	1	0	0	1	1	0	0	0	1	1	1	1	1	0	1	1	1	1	1	0	0	1	0	0	0	0	0	0	0	0	2	0	0	0	0	0	0	0	0	0	0	0	0	0	0	0	0	0	0	0	0
"DLBCL_C_D_1118_NULLPAIR"	3	0.0147414514614064	0.0147414514614064	0.941034194154375	0.0147414514614064	0.0147414514614064	0	0	0	2	0	0	0	0	0	0	0	0	0	0	0	0	0	0	0	0	0	0	0	0	0	0	0	0	0	0	0	0	0	0	0	0	0	0	0	0	0	1	0	0	0	0	0	0	0	0	0	0	0	0	0	0	0	0	0	0	0	1	1	1	1	0	2	1	0	0	1	1	1	0	0	1	0	0	0	0	0	0	0	0	0	0	0	0	0	0	0	0	0	0	0	0	0	0	0	0	0	0	0	0	0	3
"DLBCL_RICOVER_780"	3	0.0143897858324123	0.0143897858324123	0.941443237924284	0.0153874045784785	0.0143897858324123	0	0	0	0	0	0	0	0	0	0	0	0	0	0	0	2	0	0	0	0	0	0	2	0	0	0	0	0	0	0	0	0	0	0	0	0	0	2	0	0	0	0	0	0	0	0	0	0	0	0	0	1	0	1	2	1	0	0	1	0	1	1	0	0	0	0	2	1	0	0	0	0	0	0	0	0	0	0	1	2	0	0	2	0	0	0	2	0	0	0	2	0	0	0	0	0	0	0	0	0	0	0	0	0	0	0
"DLBCL_C_D_1136_NULLPAIR"	3	0.0142490937848511	0.0142490937848511	0.942037681181156	0.0152150374642905	0.0142490937848511	0	0	0	2	2	0	0	0	0	0	0	0	0	0	0	0	0	0	0	0	0	0	0	0	0	0	0	0	0	0	0	0	0	0	0	0	0	0	0	2	0	0	0	0	0	0	1	1	0	0	1	1	1	0	0	0	0	1	0	0	0	0	0	0	1	1	1	0	1	0	1	1	1	0	1	1	0	0	1	2	0	0	0	0	0	0	0	0	0	0	0	0	0	0	0	0	0	0	0	0	0	0	0	0	0	0
"DLBCL_RICOVER_948"	3	0.0141358917809666	0.0141358917809666	0.942489900522526	0.015102424134574	0.0141358917809666	0	0	0	0	0	0	0	0	0	0	0	0	0	0	0	0	0	0	0	0	0	0	0	0	0	0	0	0	0	0	0	0	0	1	0	0	0	1	0	0	0	0	0	1	0	0	0	0	0	0	0	1	0	2	1	0	0	0	0	0	1	1	0	0	1	0	0	0	0	1	0	0	0	0	1	0	2	0	1	2	0	0	0	0	0	0	0	0	0	3	0	0	0	0	0	0	2	0	0	0	0	0	0	0	0	0
"DLBCL_LS2089"	3	0.0140959331249401	0.0140959331249401	0.942617069353111	0.0150951312720692	0.0140959331249401	0	0	0	0	0	0	0	0	0	0	0	0	0	0	0	0	0	0	0	0	0	0	0	0	0	0	0	0	0	1	1	0	0	0	0	0	0	0	0	2	0	2	0	2	0	0	1	1	1	0	1	0	0	1	1	0	0	1	1	0	0	0	0	0	1	0	0	1	0	0	1	1	1	0	1	0	0	0	1	2	0	0	0	0	0	0	0	0	0	0	0	0	0	0	0	0	0	0	0	0	0	0	0	0	0	0
"DLBCL_LS3749"	3	0.0138701681478999	0.0138701681478999	0.943551413236157	0.0148380823201431	0.0138701681478999	0	0	0	0	2	0	0	0	0	0	0	0	0	0	0	0	0	0	0	0	0	0	2	0	0	0	0	0	0	1	0	0	0	0	0	1	0	0	0	0	0	0	0	0	1	0	1	0	1	0	0	0	1	1	0	0	0	0	0	0	1	0	1	0	1	1	2	0	1	1	1	1	1	1	0	1	1	0	0	0	0	0	0	0	0	0	0	0	0	0	0	0	0	0	0	0	0	0	0	0	0	0	0	0	0	0
"DLBCL_MC_F210_GWC"	3	0.0136003140227005	0.0136003140227005	0.944629426438893	0.0145696314930052	0.0136003140227005	0	0	0	0	0	0	0	0	0	0	0	0	0	0	0	0	0	0	0	0	0	0	2	2	0	0	0	0	0	0	0	0	0	0	0	0	0	0	0	0	0	0	1	1	0	0	0	1	0	0	0	0	0	0	0	0	0	2	0	0	0	0	1	0	0	1	1	0	0	0	0	0	0	1	0	0	0	0	0	0	0	0	0	0	0	0	0	0	0	0	0	0	0	0	0	0	0	0	0	0	0	0	0	0	0	0
"DLBCL_RICOVER_335"	3	0.0128777516428665	0.0128777516428665	0.947483247793229	0.0138834972781718	0.0128777516428665	0	0	0	0	0	0	0	0	0	0	0	2	0	0	2	0	0	0	0	0	2	0	0	2	0	0	0	0	0	0	1	0	0	0	0	0	2	0	0	0	0	0	0	0	0	1	0	0	0	0	1	1	0	1	0	1	0	1	1	0	0	1	0	0	0	0	2	1	0	0	1	1	1	0	1	1	1	0	1	2	0	0	0	0	0	0	0	0	0	0	0	0	0	0	0	0	0	0	0	0	0	0	0	0	0	0
"DLBCL_MC_F089_HCZ"	3	0.0128752874511135	0.0128752874511135	0.947525762434972	0.0138483752116877	0.0128752874511135	0	0	0	0	0	0	0	0	0	0	0	0	2	0	0	0	0	0	0	0	0	0	0	2	0	0	0	0	2	0	0	2	0	0	0	0	0	0	0	0	0	0	0	0	0	0	1	0	0	0	0	0	0	0	0	0	0	0	1	0	1	1	2	0	1	1	0	1	0	1	1	1	1	1	0	1	1	1	0	2	0	0	0	0	0	0	2	0	0	0	2	0	0	0	0	0	0	0	0	0	0	0	0	0	0	0
"DLBCL_RICOVER_126"	3	0.0121315983058897	0.0124626982469248	0.950133106783609	0.0131409983576866	0.0121315983058897	0	0	0	0	0	0	0	0	0	0	0	0	0	0	0	0	0	0	0	0	0	0	0	0	0	0	0	0	0	1	0	0	0	0	0	0	0	0	0	0	0	0	1	0	0	0	1	0	0	0	1	1	0	0	0	2	0	0	0	0	0	1	0	0	0	0	2	0	1	1	0	0	0	1	0	1	2	0	1	2	0	0	0	0	0	2	2	0	0	3	2	0	0	0	0	0	0	0	0	0	0	0	0	0	0	0
"DLBCL_MC_F739_AMA3"	3	0.0120539046060518	0.0120539046060518	0.950807022452114	0.0130312637297312	0.0120539046060518	0	0	0	0	0	0	0	0	0	0	0	0	0	0	1	0	0	0	0	0	0	0	2	2	0	0	0	0	0	0	0	0	0	0	0	0	0	1	0	0	0	0	1	1	0	0	0	0	0	0	0	0	1	1	0	2	0	2	0	1	1	0	0	0	1	0	0	1	1	1	0	1	0	1	1	1	2	0	1	2	0	0	0	0	0	2	2	0	2	3	2	0	0	0	2	0	0	0	0	0	0	0	0	0	0	0
"DLBCL_RICOVER_174"	3	0.0116918081662439	0.0116918081662439	0.952253525233897	0.0126710502673715	0.0116918081662439	0	0	0	0	0	0	0	0	0	0	0	0	0	0	0	0	0	0	0	0	0	0	0	0	0	2	0	0	0	0	0	0	0	0	0	0	0	0	0	0	0	0	0	0	1	0	0	0	1	0	1	0	0	0	1	0	0	0	0	1	0	1	1	0	1	1	0	1	0	1	1	1	1	1	0	0	1	0	1	2	0	0	0	0	0	0	0	0	0	0	0	0	0	0	0	0	0	2	0	2	0	0	0	0	0	0
"DLBCL_C_D_1119_NULLPAIR"	3	0.0112659781064347	0.0112659781064347	0.953954631067491	0.0122474346132047	0.0112659781064347	0	0	0	0	0	0	0	0	0	0	0	0	0	0	0	0	0	0	0	0	0	0	0	0	0	0	0	0	0	0	0	0	0	0	0	1	0	0	0	0	0	0	0	0	1	0	1	0	0	0	0	0	0	1	0	0	0	0	0	0	0	0	1	1	1	0	0	1	1	0	0	1	0	0	0	1	0	0	0	0	0	0	0	0	0	0	0	0	0	0	0	0	0	0	0	0	0	0	0	0	0	0	0	2	0	3
"DLBCL_RICOVER_253"	3	0.0108956946578725	0.0108956946578725	0.955433839310129	0.0118790767162537	0.0108956946578725	0	0	0	0	0	0	0	0	0	0	0	0	0	0	0	0	0	0	0	0	0	0	0	0	0	1	0	0	0	0	1	0	0	0	0	0	0	0	0	0	0	0	0	0	0	0	2	0	0	2	1	0	1	0	1	0	0	1	0	2	2	0	1	0	1	0	1	1	0	1	1	1	1	1	1	1	0	0	1	2	0	0	0	0	0	0	2	0	0	0	0	0	0	0	0	0	0	0	0	0	0	0	0	0	0	3
"DLBCL_RICOVER_107"	3	0.0106274965573893	0.0106274965573893	0.956505237025676	0.011612273302156	0.0106274965573893	0	0	0	0	0	0	0	0	0	0	0	0	0	0	0	0	0	0	0	0	0	0	0	0	0	0	0	0	0	0	0	0	2	0	0	0	0	0	0	0	0	0	0	0	1	1	0	0	1	0	0	0	0	0	1	0	0	0	1	1	0	0	1	0	0	1	2	0	0	1	1	0	1	1	1	0	0	0	1	0	0	0	0	0	0	0	2	0	0	0	0	0	0	0	0	0	0	0	0	0	0	0	0	0	0	0
"DLBCL_LS2258"	3	0.0101848355049974	0.0101848355049974	0.958273579304909	0.0111719141800986	0.0101848355049974	0	0	0	0	0	0	0	0	0	0	0	0	0	0	0	0	0	0	0	0	0	0	0	0	0	0	0	0	0	0	0	0	0	0	0	0	0	0	0	0	0	0	0	0	0	0	0	0	0	0	0	0	0	0	0	0	0	1	1	0	1	0	0	0	1	0	0	1	0	0	0	1	1	0	1	0	0	0	1	2	0	0	0	0	0	0	0	0	0	0	0	0	0	0	0	0	0	0	0	0	0	0	0	0	0	0
"DLBCL_RICOVER_401"	3	0.00889873681078992	0.0103386647157704	0.961867674286871	0.00999618737577915	0.00889873681078992	0	0	0	0	0	0	0	0	0	0	0	0	0	0	0	0	0	0	0	0	0	0	0	0	0	0	0	0	0	0	0	0	0	0	0	0	0	0	0	0	0	0	0	0	0	0	0	0	0	0	1	1	0	1	0	1	1	0	0	0	1	0	0	1	1	0	0	1	0	1	0	1	1	1	1	1	0	0	1	2	0	0	0	0	0	2	2	0	0	3	2	0	0	0	0	0	1	0	0	0	0	0	0	2	0	0
"DFCIDL008_DT"	4	0.0254618072890664	0.0254618072890664	0.459517674323966	0.464096903808835	0.0254618072890664	0	2	0	0	0	0	0	0	0	0	0	0	0	0	0	0	0	0	0	0	0	0	0	0	0	2	0	0	0	0	0	0	0	0	0	0	0	0	0	0	0	2	0	0	0	0	0	0	0	0	0	0	0	0	0	0	0	0	0	0	0	0	0	0	0	0	0	0	0	0	0	0	0	0	0	2	0	0	0	0	0	0	0	0	0	0	2	0	0	0	0	0	0	0	0	0	0	0	0	0	0	0	0	0	0	0
"DLBCL_LS1683"	4	0.0178361849470669	0.0178361849470669	0.470797580877688	0.475693864281111	0.0178361849470669	0	2	0	0	0	0	0	0	0	0	0	0	0	0	0	0	0	0	0	0	0	0	0	0	0	0	0	0	0	0	1	0	0	0	0	1	0	1	0	0	0	2	0	2	0	0	0	0	1	0	0	0	0	0	2	0	0	0	0	0	0	0	0	0	0	0	1	1	0	0	0	0	0	1	0	0	0	0	0	2	0	0	0	0	0	0	2	0	0	0	0	0	0	0	0	0	0	0	0	0	0	0	0	0	0	0
"DLBCL_C_D_1140_NULLPAIR"	4	0.0879478820758883	0.0879478820758883	0.088093669386846	0.648062684385489	0.0879478820758883	0	0	0	0	0	0	0	0	0	0	0	0	0	0	0	0	0	0	0	0	0	0	0	0	0	0	0	0	0	0	0	0	0	0	0	0	0	0	2	0	0	0	0	0	0	0	0	0	0	0	0	0	0	0	0	0	0	0	0	0	0	0	0	0	0	0	0	0	0	0	0	0	0	0	0	0	0	0	0	0	0	0	0	0	0	0	0	0	0	0	0	0	0	0	0	0	0	0	0	0	0	0	0	0	0	0
"DLBCL_C_D_1105_NULLPAIR"	4	0.0620570321552825	0.0374777821765109	0.0377394283118344	0.825247975179861	0.0374777821765109	0	0	0	0	0	0	0	0	0	0	0	1	0	0	0	0	0	0	0	0	0	0	0	0	0	0	0	0	0	0	0	2	0	0	0	1	0	0	0	0	0	0	0	0	0	0	0	0	0	0	0	0	1	0	0	0	0	1	0	0	0	0	0	0	0	0	0	0	0	1	0	0	0	0	0	0	0	0	1	0	0	0	0	0	0	0	2	0	0	0	0	0	2	0	0	0	0	0	0	2	0	0	0	0	0	0
"DLBCL_RICOVER_215"	4	0.0408602050780118	0.0408602050780118	0.0408602050780118	0.836559179687953	0.0408602050780118	0	0	0	0	0	0	0	0	0	0	0	0	0	0	0	0	0	0	0	0	0	0	0	0	0	0	0	0	0	0	0	2	0	1	0	0	0	0	0	0	0	0	0	0	0	0	0	0	0	0	1	0	0	0	0	0	0	0	0	0	0	0	0	0	0	0	0	0	0	0	0	0	0	0	0	0	0	0	0	0	0	0	0	0	0	0	0	0	0	0	0	0	0	0	0	0	0	0	0	0	0	0	0	0	0	0
"DLBCL_LS1546"	4	0.0269005123997315	0.0269005123997315	0.0360898705872094	0.883208592213596	0.0269005123997315	0	0	0	0	0	0	0	0	0	0	0	0	0	0	0	0	0	0	0	0	0	0	0	0	0	0	0	0	0	0	1	0	0	0	0	0	0	2	0	0	0	0	0	2	0	0	1	0	0	0	0	2	1	0	0	0	0	0	0	0	0	0	0	0	1	0	0	0	0	0	0	0	0	0	0	0	0	1	0	0	0	0	0	0	0	0	0	0	0	0	0	0	0	0	0	0	0	0	0	0	0	0	0	0	0	0
"DLBCL_LS3200"	4	0.0265806542643077	0.0265806542643077	0.0268138660958773	0.8934441711112	0.0265806542643077	0	0	0	0	0	0	0	0	0	0	0	0	0	0	0	0	0	0	0	0	0	0	0	0	0	0	2	0	0	1	0	0	0	0	0	0	2	0	0	0	0	0	0	2	0	1	1	0	0	0	0	0	0	0	0	1	0	0	1	0	0	0	0	0	0	0	0	1	0	0	0	0	0	1	0	0	0	0	0	0	0	0	0	0	0	0	0	0	0	0	0	0	0	0	0	0	0	0	0	0	0	0	0	0	0	0
"DLBCL_RICOVER_105"	4	0.024700063258403	0.024700063258403	0.0249281402181434	0.900971670006647	0.024700063258403	0	0	0	0	0	0	0	0	0	0	0	0	0	0	0	0	0	0	0	0	0	0	0	0	0	0	0	0	0	0	0	0	0	0	0	0	0	0	0	0	1	0	0	1	0	0	0	1	0	0	1	0	0	0	0	0	0	0	0	0	0	0	0	0	0	0	0	0	0	0	0	0	0	0	0	1	0	0	1	0	0	0	0	0	0	0	0	0	0	0	0	0	2	0	0	0	0	0	0	0	0	0	0	0	0	0
"DLBCL_C_D_1120_NULLPAIR"	4	0.0243095465695082	0.0243095465695082	0.0243095465695082	0.902761813721967	0.0243095465695082	0	0	0	0	0	0	0	0	0	0	0	0	0	0	0	0	0	0	0	0	0	0	0	0	0	0	0	0	0	0	1	0	0	0	0	0	0	0	0	0	0	2	0	1	0	0	0	0	0	0	1	0	0	0	0	0	0	1	0	0	0	0	0	0	0	0	0	0	0	0	0	1	0	0	0	0	0	0	0	0	0	0	0	0	0	0	2	0	0	0	0	0	0	0	0	0	0	0	0	0	0	0	0	0	0	0
"DLBCL_RICOVER_1032"	4	0.0234226820133339	0.0234226820133339	0.0236601406403783	0.90607181331962	0.0234226820133339	2	2	0	0	0	0	0	0	0	0	0	0	0	0	0	0	0	0	0	0	0	0	0	0	0	2	1	0	0	1	1	0	0	0	2	0	2	0	2	2	1	0	0	0	0	0	1	1	0	0	1	0	0	1	0	1	0	1	1	0	1	0	0	0	0	0	0	0	0	0	0	0	0	0	0	0	0	0	1	2	0	0	0	0	0	0	0	0	0	0	0	0	0	2	0	0	0	0	0	0	0	0	0	0	0	0
"DLBCL_C_D_1145_NULLPAIR"	4	0.0231386928983823	0.0231386928983823	0.0231386928983823	0.907445228406471	0.0231386928983823	0	2	0	0	0	0	0	0	0	0	0	0	0	0	0	0	0	0	0	0	0	0	0	0	0	0	0	0	2	0	0	0	0	0	2	0	0	0	0	0	0	0	1	0	0	0	0	0	0	0	0	0	0	0	0	0	0	0	0	0	0	0	0	0	0	0	0	0	0	0	0	0	0	0	1	1	0	0	0	0	2	0	2	0	0	0	0	0	0	0	0	0	2	2	0	0	0	0	0	0	0	0	0	0	0	0
"DLBCL_LS2208"	4	0.0227842326467977	0.0224218778449057	0.0226687428554383	0.909703268807953	0.0224218778449057	0	0	0	0	0	0	0	0	0	0	0	0	0	0	0	0	0	0	0	0	0	0	0	0	3	1	0	0	0	0	0	0	0	0	0	0	2	0	0	0	1	0	0	0	0	0	0	0	0	0	0	0	0	1	0	0	0	0	0	0	0	0	0	0	0	0	0	0	0	0	0	0	0	0	0	0	0	0	0	0	0	0	0	0	0	0	0	0	0	0	0	0	0	0	0	0	0	0	0	0	0	0	0	0	0	0
"DLBCL_RICOVER_314"	4	0.0143813522972811	0.0143813522972811	0.0403536883822067	0.91650225472595	0.0143813522972811	0	2	0	0	0	0	0	0	0	0	0	0	2	0	0	0	0	0	0	0	0	0	0	0	0	0	0	0	0	0	0	0	0	0	0	0	1	0	0	0	1	0	1	1	0	0	0	0	0	0	0	0	0	1	0	1	0	0	0	0	0	0	0	0	0	0	0	0	0	0	0	0	0	0	0	0	0	0	0	2	0	0	2	0	0	0	0	0	0	0	0	0	0	0	0	0	0	0	0	0	0	0	0	0	0	0
"DLBCL_MC_F089_MLB"	4	0.0201645966166785	0.0201645966166785	0.02040643666991	0.919099773480055	0.0201645966166785	0	0	0	0	0	0	0	0	0	0	0	2	0	0	0	0	0	0	0	0	0	0	0	0	0	0	0	0	0	1	1	0	0	0	0	0	2	0	0	0	1	0	0	0	0	0	0	0	0	0	0	0	0	0	0	0	0	0	0	0	0	0	0	0	0	0	0	1	0	0	0	0	0	0	0	0	0	0	0	0	0	0	0	0	0	0	0	0	0	0	0	0	0	0	0	0	0	0	0	0	0	0	0	0	0	0
"DLBCL_LS148"	4	0.0199782551589511	0.0199782551589511	0.0202124755073077	0.919852759015839	0.0199782551589511	0	0	0	0	0	0	0	0	0	0	0	0	2	0	0	0	0	0	0	0	0	0	0	0	3	0	0	0	0	0	0	1	0	0	0	0	0	0	0	0	0	2	0	2	0	0	0	0	0	0	2	0	0	0	0	0	0	0	0	0	0	0	0	0	0	0	0	0	0	0	0	0	0	0	0	0	0	0	0	0	0	0	0	0	0	0	0	0	0	0	0	0	0	0	0	0	0	0	0	0	0	0	0	0	0	0
"DLBCL_RICOVER_150"	4	0.0198764932426447	0.0198764932426447	0.0198764932426447	0.920494027029421	0.0198764932426447	0	0	0	0	0	0	2	0	0	0	0	0	0	2	0	0	0	0	0	0	0	0	0	0	0	0	0	0	2	0	1	0	0	1	0	0	2	1	0	2	0	2	0	2	0	0	1	1	1	0	0	1	0	0	0	0	0	1	0	1	0	0	0	0	0	1	0	0	0	0	1	0	1	0	0	0	0	0	1	0	0	0	0	0	0	0	0	0	0	0	0	0	0	0	0	0	0	0	0	0	0	0	0	0	0	0
"DLBCL_C_D_1144_NULLPAIR"	4	0.0197789126556672	0.0197789126556672	0.0197789126556672	0.920884349377331	0.0197789126556672	1	0	0	0	0	2	0	0	0	0	0	0	0	0	0	0	0	0	0	0	0	0	0	0	0	0	0	2	2	1	0	0	0	0	0	1	0	0	0	0	0	2	0	1	0	0	0	0	0	0	0	0	0	0	1	0	0	0	0	0	0	0	0	0	0	0	0	0	0	0	0	0	0	0	0	0	0	0	0	2	0	0	0	0	0	0	0	0	0	0	0	0	0	0	0	0	0	0	0	0	0	0	0	0	0	0
"DLBCL_RICOVER_704"	4	0.0191803250687495	0.0191803250687495	0.0191803250687495	0.923278699725002	0.0191803250687495	0	0	0	0	0	0	0	0	0	0	0	0	0	0	0	0	0	0	0	0	0	0	0	0	0	2	0	2	0	1	0	0	0	0	0	0	0	0	0	0	2	0	0	0	0	0	0	0	1	0	0	0	0	0	0	0	0	0	0	0	0	0	0	0	0	0	0	0	0	0	0	0	0	0	0	0	0	0	0	0	0	0	0	0	0	0	0	0	0	0	0	0	0	0	0	0	0	0	0	0	2	0	0	0	0	0
"DLBCL_LS4085"	4	0.018918489965581	0.018918489965581	0.0191620057650402	0.924082524338217	0.018918489965581	0	0	0	0	0	0	0	0	0	0	0	0	0	1	0	0	0	0	0	0	0	0	0	0	0	0	0	0	0	0	0	2	0	0	0	0	2	1	0	0	1	0	0	1	0	1	0	0	0	0	0	0	1	0	0	0	0	1	0	0	1	0	0	0	0	0	0	0	0	0	0	0	0	0	0	0	0	0	0	0	0	2	0	0	0	0	0	0	2	0	0	0	0	0	0	0	0	0	0	0	0	0	0	0	0	0
"DLBCL_RICOVER_467"	4	0.0182146536976263	0.0182146536976263	0.0184511686096146	0.926904870297506	0.0182146536976263	0	0	0	0	0	0	0	0	0	0	0	0	0	0	0	0	0	0	0	0	0	0	0	0	0	0	0	2	0	2	1	0	0	0	2	0	0	0	2	0	1	0	1	2	0	1	1	0	0	0	0	0	1	1	0	0	0	1	0	1	0	0	0	0	0	0	0	0	0	1	0	0	0	0	1	0	0	0	1	2	0	0	0	0	0	0	2	0	0	0	0	3	0	0	0	3	0	0	0	0	0	0	0	0	0	0
"DLBCL_RICOVER_173"	4	0.0182139493616573	0.0182139493616573	0.0182139493616573	0.927144202553371	0.0182139493616573	0	0	0	0	0	0	0	0	0	0	0	0	0	0	2	0	0	0	0	0	0	0	0	0	0	0	2	2	0	0	0	0	0	0	0	0	0	0	2	2	0	0	0	0	0	0	0	0	0	0	0	0	0	0	0	0	0	0	0	0	0	0	0	0	0	0	0	0	0	0	0	0	0	0	0	0	0	0	0	0	0	0	0	0	0	0	0	0	0	0	0	0	0	0	0	0	0	0	0	0	0	0	0	0	0	0
"DLBCL_RICOVER_1287"	4	0.0180296061612553	0.0180296061612553	0.0182743173188171	0.927636864197417	0.0180296061612553	0	0	0	0	0	0	0	0	0	0	0	0	0	0	0	0	0	0	0	0	0	0	0	0	0	0	0	0	0	0	0	0	0	0	0	0	0	1	0	0	0	0	0	1	0	0	0	0	0	0	0	0	0	0	0	0	0	0	0	0	0	0	0	0	0	0	0	0	0	1	0	0	0	0	0	0	0	0	0	0	0	0	0	0	0	0	0	0	0	0	0	0	0	0	0	0	0	0	0	0	0	0	0	0	0	0
"DLBCL_LS1304"	4	0.0176698066166191	0.0176698066166191	0.0187184677966359	0.928272112353507	0.0176698066166191	0	0	0	0	0	0	0	0	0	0	0	0	0	0	0	0	0	0	0	0	0	0	0	0	3	0	0	0	0	0	0	2	0	0	0	0	0	0	0	0	1	2	0	0	0	0	0	0	0	0	0	0	0	0	0	0	0	0	0	0	0	0	0	0	0	0	0	0	0	0	0	0	0	0	0	0	0	0	0	0	0	0	0	0	0	0	0	0	0	3	0	0	0	0	0	0	0	0	0	0	0	0	0	0	0	0
"DLBCL_RICOVER_763"	4	0.0174807216850771	0.0174807216850771	0.0177261709745552	0.929831663970214	0.0174807216850771	0	0	0	0	0	0	0	0	0	0	0	0	0	0	0	0	0	0	0	2	0	0	0	0	0	0	2	0	0	0	0	0	0	1	0	0	0	0	0	0	1	2	0	1	0	0	0	0	0	0	0	0	1	0	0	1	0	0	0	0	0	0	0	0	1	0	0	0	0	1	1	1	1	0	0	0	0	0	1	0	0	0	0	0	0	0	0	0	0	0	0	0	0	0	0	0	0	0	0	0	0	0	0	0	0	0
"DLBCL_RICOVER_1190"	4	0.0174092094030422	0.0174092094030422	0.0176547548612044	0.930117616929669	0.0174092094030422	0	0	0	0	0	0	0	0	0	0	0	0	0	0	0	0	0	0	0	0	0	0	0	0	0	0	0	0	2	0	0	0	0	0	0	0	0	1	0	0	1	0	0	1	0	0	0	0	0	0	1	0	0	0	1	0	0	0	0	0	0	0	0	0	0	0	0	0	0	0	0	0	0	0	0	0	0	0	0	0	0	0	0	0	0	0	0	0	2	0	0	0	0	0	0	0	0	0	0	0	0	0	0	0	0	3
"DLBCL_C_D_1142_NULLPAIR"	4	0.0172323942413151	0.0172323942413151	0.0174781774779532	0.930824639798101	0.0172323942413151	0	0	0	0	0	0	0	0	0	0	0	0	2	0	0	0	0	0	0	0	0	0	0	0	0	0	0	0	0	1	0	0	0	0	0	1	0	0	0	0	1	0	0	2	0	0	0	0	0	0	0	0	0	0	0	0	0	1	0	0	0	0	0	0	0	0	0	0	0	1	0	0	0	0	0	0	0	0	1	0	0	0	0	0	0	0	0	0	0	0	0	0	0	0	0	0	0	0	0	0	0	0	0	0	0	0
"DLBCL_RICOVER_506"	4	0.0170856473805182	0.0170856473805182	0.0173316279602153	0.93141142989823	0.0170856473805182	0	0	0	0	0	0	0	0	0	0	0	0	0	0	0	0	0	0	0	0	0	0	0	0	0	0	0	0	2	0	0	0	0	1	0	0	2	1	0	0	1	2	0	1	1	0	0	0	0	0	0	0	1	1	0	0	0	0	0	1	1	0	0	0	0	1	1	0	1	1	0	0	0	0	1	1	0	1	0	0	0	0	0	0	0	0	0	0	0	0	0	0	0	0	0	0	0	0	0	0	0	0	0	0	0	0
"DLBCL_RICOVER_431"	4	0.0169686677422094	0.0169686677422094	0.0169686677422094	0.932125329031162	0.0169686677422094	2	0	2	0	0	0	0	0	0	2	0	0	2	0	0	0	0	0	0	0	0	0	0	0	0	1	0	0	2	1	0	0	2	0	0	0	2	0	0	2	1	2	1	0	0	0	0	0	1	0	0	0	1	0	0	0	0	0	0	0	1	0	0	0	0	0	0	0	1	0	1	0	0	0	1	0	0	0	0	0	0	0	0	0	0	0	0	0	0	0	0	0	0	2	0	0	0	0	0	0	0	0	0	0	0	0
"DLBCL_RICOVER_1237"	4	0.0166105776774174	0.0166105776774174	0.0168571971239902	0.933311069843757	0.0166105776774174	0	0	0	0	0	0	0	0	0	0	0	0	0	0	0	0	0	0	0	0	0	0	0	0	0	0	2	0	0	0	0	0	0	0	0	0	0	0	0	2	0	0	0	2	0	0	0	0	0	0	0	0	0	0	0	0	0	1	0	0	0	0	0	0	0	0	0	0	0	1	0	0	0	1	0	0	0	0	0	0	0	0	0	0	0	0	0	0	0	0	0	0	0	0	0	0	0	0	0	0	0	0	0	0	0	0
"DLBCL_RICOVER_1204"	4	0.0164012665606542	0.0164012665606542	0.0164012665606542	0.934394933757383	0.0164012665606542	2	0	0	2	0	0	0	0	0	0	0	2	0	0	2	0	0	0	0	0	0	0	2	0	0	0	1	0	0	0	0	2	0	0	0	1	2	0	2	0	0	2	1	2	1	0	1	0	0	0	0	0	0	1	0	0	0	0	0	1	0	0	0	0	0	0	0	0	0	0	0	0	0	0	0	1	0	0	0	0	0	0	0	2	0	0	2	0	0	0	0	0	0	0	0	0	0	0	0	0	0	0	0	0	0	0
"DLBCL_RICOVER_1106"	4	0.0163540436449079	0.0163540436449079	0.0163540436449079	0.934583825420368	0.0163540436449079	2	0	0	2	2	0	0	0	0	0	0	0	0	0	0	0	0	0	0	0	0	0	2	0	0	0	0	0	0	1	0	0	0	0	2	1	2	2	0	2	0	2	0	2	0	0	0	0	1	0	1	0	0	0	1	0	0	0	0	0	1	0	0	0	0	0	0	1	0	0	0	0	0	0	0	0	0	0	0	0	0	0	0	2	0	0	0	0	0	0	0	0	0	0	0	0	0	0	0	0	0	0	0	0	0	0
"DLBCL_RICOVER_1257"	4	0.0160630244096394	0.0160630244096394	0.0163103801979388	0.935500546573143	0.0160630244096394	0	0	0	0	0	0	0	0	0	0	0	0	0	0	0	0	0	0	0	0	0	0	2	0	0	0	2	2	0	0	1	0	0	1	0	0	0	0	0	0	0	0	0	2	0	0	1	0	0	0	0	0	0	0	0	0	0	0	0	0	0	0	0	0	0	0	0	0	0	0	0	0	0	0	0	1	0	0	0	0	0	0	0	0	0	0	0	0	0	0	0	0	0	0	0	0	0	0	0	0	0	0	0	0	0	0
"DLBCL_RICOVER_583"	4	0.0158630703324542	0.0158630703324542	0.0168527704613142	0.935558018541323	0.0158630703324542	0	0	0	0	0	0	0	0	0	0	0	0	0	0	0	0	0	0	0	0	0	0	0	0	3	0	0	0	0	0	0	0	0	0	0	0	0	1	0	0	1	0	0	1	0	0	0	0	2	0	0	0	0	1	0	0	0	0	0	0	0	0	0	0	0	0	0	0	0	0	0	0	0	0	0	0	0	0	0	0	0	0	0	0	0	0	0	0	0	0	0	0	0	0	0	0	0	0	0	0	0	0	0	0	0	0
"DLBCL_RICOVER_99"	4	0.0159543694816246	0.0159543694816246	0.0162018713875019	0.935935020167624	0.0159543694816246	0	0	0	0	0	0	0	0	0	0	0	0	0	0	0	0	0	0	0	0	0	0	0	0	0	0	0	0	0	1	0	0	0	0	0	0	0	0	0	2	1	2	0	1	0	0	0	0	0	0	0	0	1	0	0	0	0	0	0	0	0	0	0	0	0	0	0	0	0	0	0	0	0	0	0	0	0	0	0	0	0	0	0	0	0	0	0	0	0	0	0	0	2	2	0	0	0	0	0	0	0	0	0	0	0	0
"DLBCL_RICOVER_1248"	4	0.015891720929029	0.015891720929029	0.016139307083775	0.936185530129138	0.015891720929029	0	0	0	0	0	0	0	0	0	0	0	0	2	0	0	0	0	0	0	0	0	0	0	0	0	0	0	0	0	0	1	0	0	1	0	1	2	0	2	2	2	0	0	2	0	0	0	1	0	0	1	0	0	0	0	1	0	1	0	0	1	0	0	0	0	0	0	0	0	1	0	0	0	0	0	0	0	0	0	0	0	0	0	0	0	0	0	0	0	0	0	0	2	2	0	0	0	0	0	0	0	0	0	0	0	3
"DLBCL_RICOVER_1329"	4	0.0154322592335106	0.0154322592335106	0.0156723942270686	0.9380308280724	0.0154322592335106	0	0	0	0	0	0	0	0	0	0	0	0	0	0	0	0	0	0	0	0	0	0	0	0	0	0	0	0	0	0	0	0	0	0	0	0	0	1	0	2	1	0	0	1	0	0	0	1	0	0	0	0	0	0	0	0	0	0	0	0	0	0	0	0	1	0	0	0	1	0	0	0	1	0	0	1	0	0	0	0	0	0	0	0	0	0	0	0	0	0	0	0	0	2	0	0	0	0	0	0	0	0	0	0	0	0
"DLBCL_RICOVER_685"	4	0.0154906603677199	0.0154906603677199	0.0154906603677199	0.93803735852912	0.0154906603677199	0	0	0	0	0	0	0	0	0	0	0	0	0	2	0	0	0	0	0	0	0	0	0	0	0	0	2	0	2	0	1	0	2	0	2	0	2	0	2	2	0	2	0	0	0	0	0	0	1	0	0	1	0	0	0	0	0	0	0	1	1	0	0	0	0	0	0	1	0	1	0	0	0	0	0	0	0	0	0	0	0	0	0	0	0	0	0	0	0	0	0	0	0	2	0	0	0	0	0	0	0	0	0	0	0	0
"DLBCL_RICOVER_224"	4	0.0150449042969833	0.0150449042969833	0.0150449042969833	0.939820382812067	0.0150449042969833	0	0	0	0	0	0	0	0	0	0	0	0	0	0	0	0	0	0	0	0	0	0	0	0	0	1	0	2	0	0	0	0	0	0	0	0	1	0	0	0	2	2	1	0	0	0	0	0	2	0	0	0	0	1	0	0	0	0	0	0	0	0	0	0	0	0	0	0	0	0	0	0	0	0	0	0	0	0	0	0	2	0	0	0	0	0	0	0	0	0	0	0	0	0	0	0	0	0	0	0	0	0	0	0	0	0
"DLBCL_RICOVER_1289"	4	0.0150426750061766	0.0150426750061766	0.0150426750061766	0.939829299975294	0.0150426750061766	2	2	0	0	0	0	2	0	0	0	0	2	0	0	0	0	2	0	0	0	0	0	0	0	0	0	2	0	0	0	0	0	2	0	0	0	2	0	2	2	0	2	0	0	0	0	0	0	0	0	0	0	0	0	0	0	0	0	0	0	0	0	0	0	0	0	0	0	1	0	0	0	0	0	1	0	0	0	0	0	0	0	0	0	0	0	0	0	2	0	0	0	0	0	0	0	0	0	0	0	0	0	0	0	0	0
"DLBCL_LS2596"	4	0.0147637837923459	0.0147637837923459	0.0150128867806633	0.940695761842299	0.0147637837923459	0	0	0	0	0	0	0	0	0	0	0	0	0	1	0	0	0	0	0	0	0	0	0	0	0	0	0	0	0	0	0	0	0	0	0	0	2	1	0	2	0	2	0	1	0	0	0	0	0	0	0	1	0	1	0	0	0	0	0	0	0	0	0	0	0	0	0	1	1	0	0	0	0	0	0	0	0	0	0	0	0	0	0	0	0	0	2	0	0	0	0	0	0	2	0	0	0	0	0	0	0	0	0	0	0	0
"DLBCL_MC_F339_JPS2"	4	0.0141496926070115	0.0141496926070115	0.0143996214162861	0.943151300762679	0.0141496926070115	0	0	0	0	0	0	0	0	0	0	1	0	0	0	0	0	0	0	0	0	0	0	0	0	0	0	0	0	0	0	0	2	0	0	0	0	1	1	2	0	1	0	0	1	0	0	0	1	0	0	0	0	0	0	0	0	0	0	0	1	0	0	0	0	0	0	0	0	0	0	0	0	0	0	0	0	0	1	0	0	0	2	0	0	0	0	0	0	0	0	0	3	0	2	0	0	0	0	0	0	2	0	0	0	0	0
"DLBCL_RICOVER_417"	4	0.0138044866034483	0.0138044866034483	0.0140548796407709	0.944531660548884	0.0138044866034483	0	0	0	0	0	0	0	0	0	0	0	0	0	0	0	0	0	0	0	0	0	0	0	0	0	0	1	2	0	2	0	0	0	0	0	0	2	0	0	2	0	2	0	1	0	0	0	0	0	0	0	1	0	0	0	1	0	1	0	0	0	0	0	0	0	0	0	0	0	0	0	0	0	0	0	0	0	0	0	0	0	0	0	0	0	0	0	0	0	0	0	0	0	0	0	3	0	0	0	0	0	0	0	0	0	0
"DLBCL_RICOVER_1219"	4	0.013670360377775	0.013670360377775	0.013670360377775	0.9453185584889	0.013670360377775	0	0	0	0	2	0	0	0	0	0	0	0	2	0	0	0	0	0	0	0	0	0	0	0	0	0	0	0	2	0	0	0	0	1	2	0	2	1	0	2	0	0	0	1	0	0	1	0	0	0	0	0	0	0	0	0	0	0	0	0	0	0	0	0	0	0	0	1	0	0	0	0	0	0	0	0	0	0	0	0	0	0	0	0	0	0	0	0	0	0	0	0	0	0	0	0	0	0	0	0	0	0	0	0	0	0
"DLBCL_RICOVER_543"	4	0.0135540723294365	0.0135540723294365	0.0138048021202582	0.945532980891432	0.0135540723294365	0	0	0	0	0	0	0	0	0	0	0	0	0	0	0	0	0	0	0	0	0	0	0	0	0	0	2	0	0	0	0	0	0	1	0	0	0	1	0	0	1	0	0	1	0	0	0	0	0	0	1	0	0	0	0	0	0	0	0	0	0	0	0	0	0	0	0	0	0	0	0	0	0	0	0	0	0	0	0	0	0	0	0	0	0	0	0	0	0	0	0	0	0	0	0	0	0	0	0	0	0	0	0	0	0	0
"DLBCL_RICOVER_712"	4	0.0135533022450868	0.0135533022450868	0.0135533022450868	0.945786791019653	0.0135533022450868	0	0	0	0	0	0	0	0	0	0	2	0	0	0	0	0	0	0	0	0	0	0	0	0	0	0	2	2	0	1	0	0	0	0	0	0	0	1	0	0	1	0	0	1	0	0	0	1	0	0	0	0	0	0	0	0	0	0	0	0	1	0	0	0	0	0	0	0	0	0	0	0	0	0	0	0	0	0	0	0	0	0	0	0	0	0	0	0	0	0	0	0	0	0	0	0	0	0	0	0	0	0	0	0	0	0
"DLBCL_RICOVER_1278"	4	0.0134899831464429	0.0134899831464429	0.0134899831464429	0.946040067414228	0.0134899831464429	1	0	0	0	0	0	0	0	0	2	2	2	0	1	2	0	0	0	0	0	0	0	0	0	0	0	2	0	2	0	0	0	2	0	0	1	2	1	1	2	0	0	0	1	0	1	0	0	0	0	0	0	0	0	0	0	0	0	0	0	0	0	0	0	0	0	0	0	0	0	0	0	0	0	0	0	0	0	0	2	0	0	0	0	0	0	0	0	0	0	1	0	0	2	0	0	0	0	0	0	0	0	2	0	0	0
"DLBCL_RICOVER_1192"	4	0.0128443837749507	0.0128443837749507	0.013096067944691	0.948370780730457	0.0128443837749507	0	0	0	0	0	0	0	0	0	0	0	0	0	0	0	0	0	0	0	0	0	0	0	0	0	0	2	0	0	0	0	0	0	0	0	0	2	2	0	2	0	2	1	2	0	0	1	0	0	0	0	1	0	0	0	0	0	0	0	0	0	0	1	0	0	0	0	0	0	0	0	0	0	0	0	0	0	0	0	0	0	0	0	0	0	0	2	0	0	0	0	0	0	0	0	0	0	0	0	0	0	0	0	0	0	0
"DLBCL_C_D_1104_NULLPAIR"	4	0.0125718995872822	0.0125718995872822	0.0128239501898228	0.949460351048331	0.0125718995872822	0	0	0	0	0	0	0	0	0	0	0	0	0	0	0	0	0	0	0	0	0	0	0	0	0	0	1	0	0	0	0	0	0	1	0	0	0	1	0	2	0	2	0	1	0	0	0	0	0	0	1	0	0	0	0	0	0	0	0	0	0	0	0	0	0	0	0	1	0	0	0	0	0	0	0	0	0	0	1	2	0	0	0	0	0	0	0	0	0	0	0	0	0	0	0	0	0	0	0	0	0	0	0	0	0	0
"DLBCL_RICOVER_585"	4	0.0125347656362406	0.0125347656362406	0.0127868661759822	0.949608836915296	0.0125347656362406	0	0	0	0	0	0	0	0	0	1	0	0	2	0	0	0	0	0	0	0	0	0	0	0	0	0	2	0	0	1	1	0	0	0	0	1	1	1	2	2	0	2	0	1	0	0	0	0	0	0	1	1	0	0	0	0	0	1	0	0	1	0	0	0	0	0	0	0	0	0	0	0	0	0	0	1	0	0	0	0	0	0	0	0	0	0	0	0	0	0	0	3	0	0	0	0	0	0	0	0	0	0	0	0	0	3
"DLBCL_RICOVER_1293"	4	0.0125582218533999	0.0125582218533999	0.0125582218533999	0.9497671125864	0.0125582218533999	0	0	0	0	0	0	0	0	0	0	0	0	0	2	0	0	0	0	0	0	0	0	0	0	0	0	0	0	0	0	0	0	2	1	2	0	2	0	2	2	0	2	0	1	0	1	0	0	0	0	0	1	0	0	0	0	0	0	0	0	1	0	0	0	0	0	0	0	0	0	0	0	0	0	0	0	0	0	0	0	0	0	0	0	0	0	0	0	0	0	0	0	0	2	0	0	0	0	2	0	0	0	0	0	0	0
"DLBCL_RICOVER_773"	4	0.0124383830971313	0.0124383830971313	0.0126824133240803	0.950002437384526	0.0124383830971313	0	0	0	0	0	0	0	0	0	0	0	0	0	0	0	0	0	0	0	0	0	0	0	0	0	0	0	0	0	0	0	0	0	1	2	0	0	1	0	2	0	0	1	1	0	0	0	0	0	0	0	0	0	0	0	1	0	0	0	1	1	0	0	0	0	0	0	0	0	0	0	0	0	0	1	0	0	1	0	0	0	0	0	0	0	0	2	0	2	0	0	0	0	0	0	0	0	0	0	0	0	0	0	0	0	0
"DLBCL_RICOVER_221"	4	0.0121129733871372	0.0121129733871372	0.0123656411470038	0.951295438691585	0.0121129733871372	0	0	0	0	0	0	0	0	0	0	0	0	0	0	0	0	0	0	0	0	0	0	2	0	0	0	0	2	0	0	0	2	0	0	0	1	2	1	0	0	1	0	1	1	0	0	0	1	0	0	0	0	0	1	0	0	0	0	1	0	0	0	0	0	0	0	0	0	0	0	0	0	0	0	0	0	0	0	0	0	0	0	0	0	0	0	0	0	2	0	0	0	0	0	0	0	0	0	0	0	0	0	0	0	0	0
"DLBCL_C_D_1166_NULLPAIR"	4	0.0115144476350326	0.0115144476350326	0.0117679202836865	0.953688736811216	0.0115144476350326	0	0	0	0	0	0	0	0	0	0	0	0	0	0	0	0	0	0	0	0	0	0	0	0	0	0	0	2	0	1	0	0	0	0	0	0	0	2	0	0	2	2	1	2	0	0	0	1	0	0	0	0	0	0	0	0	0	0	1	0	0	0	0	0	0	0	0	0	0	1	0	0	0	0	0	0	0	0	1	2	0	0	0	0	0	0	2	0	0	0	0	0	0	0	0	0	0	0	0	0	0	0	0	0	0	0
"DLBCL_RICOVER_720"	4	0.0112956936227223	0.0112956936227223	0.0115494604486126	0.95456345868322	0.0112956936227223	0	0	0	0	0	0	0	0	0	0	0	0	0	0	0	0	0	0	0	0	0	0	0	0	0	0	0	0	0	0	1	0	0	1	2	0	2	1	0	2	1	2	0	1	0	1	0	0	0	0	0	0	0	1	0	1	0	1	0	0	0	0	0	0	0	0	0	0	0	0	0	0	0	1	0	0	0	0	0	0	0	2	0	0	0	0	0	0	0	0	0	0	0	0	0	0	0	0	0	0	0	0	0	0	0	3
"DLBCL_RICOVER_850"	4	0.0111216461040265	0.0111216461040265	0.0113756469865063	0.955259414701414	0.0111216461040265	0	0	0	0	0	0	0	0	0	0	0	0	0	2	0	0	0	0	0	0	0	0	0	0	0	0	2	0	0	0	0	0	0	0	2	0	2	0	0	2	1	2	1	0	0	0	0	0	0	0	0	0	0	2	0	0	0	0	0	0	2	0	0	0	0	0	1	0	0	0	0	0	1	0	0	0	1	0	0	0	0	0	0	0	0	0	0	0	0	0	0	0	0	0	0	0	0	0	0	0	0	0	0	0	0	0
"DLBCL_C_D_1125_NULLPAIR"	4	0.0110593703076182	0.0110593703076182	0.0113134549376896	0.955508434139456	0.0110593703076182	0	0	0	0	0	0	0	0	0	2	0	0	0	0	0	0	0	0	0	0	0	0	0	0	0	0	1	0	0	2	1	0	2	0	0	1	1	1	2	2	0	2	0	1	0	0	0	0	1	0	0	0	0	0	0	0	0	1	0	0	0	0	0	0	0	0	0	0	0	0	0	1	0	0	0	0	0	0	0	0	0	0	0	0	0	0	0	0	0	0	1	0	0	0	0	0	0	0	0	0	0	0	0	0	0	0
"DLBCL_LS1583"	4	0.0110202054718198	0.0110202054718198	0.0112743427701968	0.955665040814344	0.0110202054718198	0	0	0	0	0	0	0	0	0	0	2	0	0	0	0	0	0	0	0	0	0	0	1	0	0	0	0	0	0	0	0	0	2	1	2	1	2	1	0	2	0	0	0	1	0	0	0	0	0	0	0	0	0	0	0	0	0	0	0	0	0	0	0	0	0	1	0	1	2	0	0	0	0	0	0	0	0	0	0	0	0	0	0	0	0	0	2	0	0	0	0	0	0	0	0	0	0	0	0	0	0	0	0	0	0	0
"DLBCL_RICOVER_449"	4	0.0107943624833351	0.0107943624833351	0.0110488034921013	0.956568109057893	0.0107943624833351	0	0	0	0	0	0	0	0	0	0	2	0	0	0	0	0	0	0	0	0	0	0	0	0	0	0	2	0	2	1	0	0	0	0	2	0	1	1	0	2	0	2	0	1	0	1	0	0	0	0	0	0	0	0	0	0	0	0	0	0	0	0	0	0	0	0	0	0	0	0	1	0	0	0	1	0	0	0	0	0	0	0	0	0	0	0	2	0	0	0	0	0	0	0	0	0	0	0	0	0	0	0	0	0	0	3
"DLBCL_RICOVER_956"	4	0.0107921877328314	0.0107921877328314	0.0110466316661707	0.956576805135335	0.0107921877328314	0	0	0	0	0	0	0	0	0	0	0	0	0	0	0	0	0	0	0	0	0	0	0	0	0	0	0	0	0	0	0	0	0	0	0	0	2	1	0	0	1	0	1	1	0	0	0	0	0	0	0	0	0	0	0	0	0	0	0	1	0	0	0	0	0	0	0	0	0	0	0	0	0	0	0	0	0	1	0	0	0	0	0	0	0	0	0	0	0	0	0	0	0	0	0	0	0	0	0	0	0	0	0	0	0	0
"DLBCL_RICOVER_134"	4	0.0105303657527482	0.0105303657527482	0.0107851617805049	0.95762374096125	0.0105303657527482	0	0	0	0	0	0	0	0	0	0	0	0	2	0	0	0	0	0	0	0	0	0	0	0	0	0	2	0	2	1	0	0	0	0	0	0	2	2	2	2	2	0	0	2	0	0	0	0	2	0	0	0	0	0	0	0	0	0	0	0	0	1	0	0	0	0	0	0	0	0	0	0	1	0	0	0	0	0	1	0	0	0	0	0	0	0	0	0	2	0	0	0	0	2	0	0	0	0	0	0	0	0	0	0	0	0
"DLBCL_C_D_1163_NULLPAIR"	4	0.00969000215225902	0.00969000215225902	0.00969000215225902	0.961239991390964	0.00969000215225902	0	2	0	0	0	0	0	0	0	0	0	0	0	2	2	0	0	0	0	0	0	0	0	0	0	0	2	0	2	0	0	0	0	2	2	0	2	0	2	2	0	2	0	0	0	0	0	0	0	0	0	0	0	0	0	0	0	0	0	0	0	0	0	0	0	0	0	0	0	0	0	0	0	0	0	0	0	0	0	0	0	0	0	0	0	0	0	0	0	0	0	0	0	0	0	0	0	0	0	0	0	0	0	0	0	0
"DLBCL_MC_F519_ALT"	4	0.00940537863203357	0.00940537863203357	0.00966168752622285	0.962122176577677	0.00940537863203357	0	0	0	0	0	0	0	0	0	0	0	0	0	0	0	0	0	0	0	0	0	0	0	0	0	0	0	2	0	1	0	0	0	0	0	0	2	1	0	0	1	0	0	1	0	0	0	0	0	0	0	0	0	0	0	0	0	0	0	0	0	0	0	0	0	0	0	0	0	0	0	0	0	0	0	1	0	0	0	0	0	0	0	0	0	0	0	0	0	0	0	0	2	0	0	0	0	0	0	0	0	0	0	0	0	0
"DLBCL_C_D_1124_NULLPAIR"	4	0.00891503887009965	0.00891503887009965	0.00891503887009965	0.964339844519601	0.00891503887009965	0	0	0	0	2	0	0	0	0	2	0	0	0	0	1	0	0	0	0	0	0	0	0	0	0	0	2	0	0	0	0	0	0	2	0	0	1	1	2	2	1	2	0	1	0	0	0	0	0	0	0	0	0	0	0	0	0	0	0	0	0	0	0	0	0	0	0	0	0	0	0	0	0	0	0	0	0	0	0	0	0	0	0	0	0	0	0	0	0	0	2	0	0	2	0	0	0	0	0	0	0	0	0	0	0	0
"DLBCL_C_D_1138_NULLPAIR"	5	0.054141152442224	0.417717375677895	0.054141152442224	0.054141152442224	0.419859166995433	2	0	0	0	0	0	0	2	0	0	0	0	0	0	0	0	0	0	0	0	0	0	0	0	0	0	0	0	0	0	0	0	0	0	0	0	0	1	0	0	1	0	0	1	0	0	0	0	0	0	0	0	0	0	0	1	0	0	0	0	0	0	0	0	0	1	0	0	0	0	0	0	0	0	0	0	0	0	0	0	0	0	2	0	0	2	0	0	0	0	0	0	0	0	0	0	0	0	0	0	0	0	0	0	0	0
"DLBCL_MAYO_DLBCL_3653"	5	0.444049154485287	0.0353972238624421	0.0353972238624421	0.0353972238624421	0.449759173927387	0	0	0	0	0	2	0	0	0	0	0	0	0	0	0	0	0	0	0	0	1	0	0	0	0	0	0	2	0	0	0	0	0	0	0	0	0	0	0	0	0	0	0	0	0	0	0	0	0	0	0	0	0	0	0	1	0	0	0	0	0	0	0	0	0	0	0	0	0	0	0	0	0	0	0	0	0	0	0	0	0	0	0	0	0	0	0	0	0	0	0	0	0	0	0	0	0	0	0	0	0	0	0	0	0	0
"DLBCL_RICOVER_1081"	5	0.0419002302668376	0.0389133606067763	0.0385839901210246	0.138996770003045	0.741605649002316	1	0	2	0	0	0	0	0	0	0	0	0	0	2	0	2	0	0	0	0	0	0	0	0	0	0	2	0	0	0	0	2	0	0	0	0	0	0	0	0	0	0	0	0	1	0	1	0	0	0	0	1	0	0	0	0	0	0	0	0	0	0	0	0	0	0	0	0	0	0	0	0	0	0	0	0	0	0	0	0	0	0	0	0	0	0	2	0	2	0	0	0	0	0	0	0	0	0	0	0	0	2	0	0	2	0
"DLBCL_RICOVER_866"	5	0.0151104780714772	0.186621394193252	0.0151104780714772	0.0151104780714772	0.768047171592316	2	0	0	2	0	0	0	0	2	2	2	0	2	0	0	0	0	0	0	2	2	0	2	2	0	0	0	0	0	0	0	0	0	0	0	0	0	0	0	0	0	0	0	0	0	0	0	0	0	0	1	0	0	0	0	0	0	1	0	0	1	1	0	0	1	0	2	0	0	0	1	0	1	0	0	0	0	0	0	0	2	0	2	0	2	2	2	2	2	3	2	0	0	0	0	0	0	0	0	0	0	0	0	0	0	0
"DLBCL_LS3808"	5	0.0243718705057593	0.0239991888761677	0.0239991888761677	0.158312535891046	0.769317215850859	0	2	0	0	0	0	0	0	0	0	0	0	0	0	0	0	0	2	0	0	0	0	0	0	0	0	0	0	0	0	0	0	0	0	0	0	1	0	0	0	0	0	0	0	0	0	0	0	0	0	0	0	0	0	0	0	0	0	0	0	0	0	0	0	0	0	0	0	0	0	0	0	0	0	0	0	0	0	0	0	0	2	0	0	0	0	0	0	0	0	0	0	0	0	0	0	0	0	0	0	0	0	0	0	0	0
"DLBCL_RICOVER_102"	5	0.0545769526316997	0.0521786275581086	0.0521157251348709	0.0519141574242254	0.789214537251095	0	0	0	0	0	0	0	0	0	0	0	0	0	2	0	0	0	0	2	0	0	0	0	0	0	0	0	0	0	0	0	0	0	0	0	0	0	0	0	0	0	0	0	0	0	0	0	0	0	0	0	0	0	0	0	0	0	0	0	0	0	0	0	0	0	0	0	0	0	0	0	0	0	0	0	0	0	0	0	0	0	0	0	0	0	0	0	0	0	0	0	0	0	0	2	0	0	0	0	0	0	0	0	0	0	0
"DLBCL_RICOVER_1018"	5	0.0308269401722039	0.0243510576531999	0.123894302797165	0.0243510576531999	0.796576641724231	0	0	0	0	0	0	0	0	0	0	2	0	2	2	2	0	1	0	2	0	0	0	0	2	0	0	0	0	0	0	0	0	0	1	0	0	2	0	0	0	1	0	0	0	1	0	0	1	0	0	0	0	1	0	1	1	0	0	0	0	1	0	1	0	1	0	1	1	0	0	1	1	1	0	0	0	0	0	1	0	0	0	0	0	0	0	0	0	0	0	0	0	0	2	0	0	0	0	0	0	0	0	0	0	0	0
"DLBCL_RICOVER_408"	5	0.0456104229193577	0.0592122661014307	0.0452926252852659	0.0452926252852659	0.80459206040868	0	0	0	0	0	2	0	0	2	0	0	0	0	0	0	0	0	0	0	0	0	0	0	0	0	0	0	0	0	0	0	0	0	0	0	0	0	0	0	0	1	0	0	0	0	0	0	0	0	0	0	0	0	0	0	0	0	0	0	1	1	0	0	0	1	0	2	0	0	0	0	0	0	0	0	0	2	0	0	0	0	0	0	0	0	2	0	0	0	0	0	0	0	0	0	0	0	0	0	0	0	0	0	0	0	0
"DLBCL_RICOVER_1299"	5	0.0248659659941492	0.0234221293355347	0.0234221293355347	0.0787528324802168	0.849536942854565	0	0	0	0	0	0	0	0	2	2	2	0	0	0	0	2	0	0	0	0	0	0	0	0	0	0	0	0	0	1	0	0	2	0	2	0	2	0	0	0	0	0	1	1	0	0	0	0	0	0	0	0	0	0	0	1	0	0	0	0	1	0	0	0	0	0	0	0	0	0	0	0	0	0	0	0	0	0	0	0	0	0	0	0	0	0	0	0	0	0	0	0	0	0	0	0	0	0	0	0	0	0	0	0	0	0
"DLBCL_LS951"	5	0.0376280797910485	0.0243442510381815	0.0240060135715652	0.0240060135715652	0.89001564202764	0	0	0	0	0	0	0	0	0	0	0	0	2	0	0	0	0	2	0	0	0	2	0	0	0	0	0	0	0	0	0	0	0	0	0	0	2	0	0	0	0	0	1	0	1	0	0	0	0	0	0	0	0	0	0	1	0	0	0	0	0	0	0	0	0	0	1	0	0	0	0	0	0	1	0	0	1	0	0	0	0	0	0	0	0	0	0	0	0	0	0	0	0	0	0	0	1	2	2	0	0	0	0	0	0	0
"DLBCL_LS1899"	5	0.0261263923313745	0.0307466517503816	0.0260156906917062	0.0257790605023108	0.891332204724227	0	0	2	0	2	0	0	0	0	0	0	1	0	0	0	0	0	0	0	0	0	2	0	0	0	0	0	0	0	0	0	0	0	0	0	0	0	0	0	0	0	0	0	0	0	0	0	0	1	0	0	0	0	0	0	0	1	0	0	0	0	0	0	0	0	0	0	0	0	0	0	0	0	0	0	0	0	0	0	0	0	0	0	0	0	0	0	0	0	0	0	0	0	0	0	0	1	0	0	0	0	0	0	0	0	0
"DLBCL_RICOVER_342"	5	0.0288754300135056	0.0258684629932744	0.0258684629932744	0.0258684629932744	0.893519181006671	0	0	0	0	2	0	0	0	0	0	0	0	0	0	0	0	0	2	0	0	0	0	0	0	0	0	0	0	0	0	0	0	0	0	0	0	0	0	0	0	0	0	0	0	0	0	0	0	0	0	1	0	0	0	0	0	0	0	0	0	0	0	0	0	0	0	0	0	0	0	0	0	0	0	0	0	0	0	0	0	0	0	2	0	0	0	0	0	0	0	0	0	0	0	0	0	0	0	0	0	0	0	0	0	0	0
"DLBCL_LS2590"	5	0.0167524192348853	0.0153383755612291	0.0155792154159811	0.0560403105526511	0.896289679235253	1	0	0	0	0	0	0	0	0	2	0	0	0	2	0	2	0	0	2	0	0	0	2	0	0	0	2	0	2	0	0	0	0	0	0	0	2	0	0	0	0	0	0	0	0	0	0	0	0	0	0	0	0	0	0	0	0	0	0	1	0	0	0	0	0	0	0	0	1	0	0	0	0	0	0	0	0	0	0	0	0	0	0	0	0	0	2	0	0	0	0	0	0	2	0	0	0	0	0	0	0	0	0	0	0	0
"DLBCL_RICOVER_711"	5	0.0299766969526842	0.0241339200386913	0.025129061790372	0.0241339200386913	0.896626401179561	0	0	0	0	0	0	0	0	0	2	0	2	0	0	2	0	0	0	0	0	0	0	2	2	0	0	0	0	2	0	0	0	0	0	0	0	0	0	0	0	0	0	0	0	0	0	0	0	1	0	0	0	1	0	0	0	0	0	0	0	0	1	0	1	1	0	2	1	0	0	1	0	1	0	0	0	0	0	1	0	0	0	0	0	0	0	0	0	0	0	0	0	0	0	2	0	0	0	0	0	0	0	0	0	0	3
"DLBCL_C_D_1153_NULLPAIR"	5	0.0327189895250824	0.0196622559153989	0.0203433327125396	0.0193298008823431	0.907945620964636	0	2	0	0	0	0	1	0	0	0	1	2	0	0	2	0	2	0	0	0	0	0	0	0	0	0	0	0	0	0	0	0	0	0	0	0	2	1	0	0	0	0	0	1	0	0	1	0	0	0	0	0	0	0	0	0	0	0	0	0	0	0	0	0	1	0	0	0	0	1	1	1	1	1	0	0	0	0	0	0	0	0	0	0	0	0	0	0	0	0	0	0	0	0	0	0	0	0	0	0	0	0	0	0	0	0
"DLBCL_C_D_1150_NULLPAIR"	5	0.0378885828854174	0.0179725811272951	0.0179725811272951	0.0179725811272951	0.908193673732697	0	0	0	0	0	0	0	0	0	0	0	1	0	2	2	0	2	0	0	0	0	0	0	0	3	0	0	0	0	0	0	0	0	1	0	0	0	0	0	0	0	0	0	0	0	0	0	0	0	0	0	0	0	0	0	0	0	0	1	0	0	0	0	0	0	0	0	0	0	0	0	0	0	1	0	0	0	0	0	2	0	0	2	0	0	0	0	0	0	0	0	0	0	0	0	0	0	0	0	0	2	2	0	0	0	0
"DLBCL_LS3499"	5	0.0234628189755913	0.0206705603739771	0.0205973259970907	0.0203626500929662	0.914906644560375	0	2	0	0	0	0	2	1	0	0	0	0	0	0	0	0	0	0	0	0	0	0	2	0	0	0	1	0	0	0	0	0	0	0	0	0	0	0	0	0	0	0	0	0	0	0	0	0	0	0	0	0	0	0	0	1	0	0	0	0	0	0	0	0	0	0	2	0	0	0	0	0	0	0	0	0	0	0	0	0	0	0	0	0	0	0	0	0	0	0	0	0	0	0	0	0	0	0	0	0	0	2	0	0	0	0
"DLBCL_RICOVER_597"	5	0.0213413483419141	0.0181002539738778	0.0181002539738778	0.0269326239143153	0.915525519796015	0	2	0	0	2	0	2	0	0	0	0	2	0	0	0	0	2	0	0	0	0	0	2	0	0	0	0	0	0	0	0	0	2	0	2	0	2	1	0	2	0	2	0	1	0	0	0	0	0	0	1	0	0	0	0	1	0	0	0	0	0	0	0	0	0	0	0	0	0	0	0	0	0	0	0	0	0	0	1	0	0	0	0	0	0	0	0	0	0	0	0	0	0	0	0	0	0	0	0	0	0	0	0	0	0	0
"DLBCL_C_D_1107_NULLPAIR"	5	0.024347143776326	0.0188849344104401	0.0185617154361593	0.0185617154361593	0.919644490940915	0	0	1	0	0	0	0	0	0	0	0	0	0	0	0	0	0	2	0	0	0	2	2	0	0	0	0	0	0	0	0	0	0	0	0	0	0	0	0	0	0	0	0	0	0	0	0	0	0	0	0	0	0	0	0	0	1	0	0	0	0	0	0	0	0	0	2	0	0	0	0	0	0	0	0	0	2	0	0	0	0	0	2	2	0	2	0	0	0	0	0	0	0	2	0	0	1	0	0	0	0	0	2	2	0	3
"DLBCL_C_D_1121_NULLPAIR"	5	0.0220198559531241	0.0192055220411525	0.0191317086978891	0.0191317086978891	0.920511204609945	0	2	0	2	2	2	2	0	0	0	0	2	2	0	2	0	0	0	2	2	0	0	2	2	0	0	2	0	0	1	0	0	0	0	0	0	2	0	0	0	0	0	0	1	1	0	0	0	0	0	0	0	0	1	0	0	0	2	1	0	1	0	1	0	1	1	1	0	0	1	1	1	1	1	0	1	1	0	0	0	0	0	2	0	0	0	0	0	2	3	2	0	0	0	0	0	0	0	0	0	0	0	0	0	0	0
"DLBCL_RICOVER_338"	5	0.0299522286361786	0.0163196572798303	0.0163196572798303	0.0163196572798303	0.921088799524331	0	0	0	2	2	0	0	0	0	0	0	0	0	0	0	0	0	2	0	0	0	0	0	2	0	0	0	0	0	0	0	0	0	0	0	0	0	0	0	0	0	0	0	0	0	0	0	0	0	0	0	0	0	0	0	0	0	0	0	0	0	1	0	0	0	0	0	0	0	0	0	0	0	0	0	0	0	0	0	0	0	0	0	0	0	0	0	0	0	0	0	0	0	2	0	0	0	2	0	0	0	0	0	0	0	0
"DLBCL_RICOVER_274"	5	0.0239069339884274	0.0184325711154129	0.0183555245716963	0.0181086329666653	0.921196337357798	1	2	0	0	2	0	0	1	0	0	2	2	0	0	2	0	0	0	0	0	0	0	2	0	0	0	1	0	0	0	0	0	0	0	0	0	2	0	0	2	0	0	0	0	0	0	0	0	0	0	1	1	0	0	0	0	0	0	0	0	1	0	0	0	0	0	0	0	1	0	0	0	0	0	0	0	0	1	0	2	0	0	0	0	0	0	0	0	0	0	0	0	0	0	0	0	0	0	0	0	0	0	0	0	0	0
"DLBCL_RICOVER_522"	5	0.0141947663460838	0.0359193091431496	0.0141947663460838	0.0141947663460838	0.921496391818599	0	0	0	0	0	2	0	2	0	0	2	0	0	0	2	0	0	0	2	0	0	0	0	2	0	0	1	0	0	1	0	0	0	0	0	0	0	0	0	0	0	0	0	0	0	0	0	0	0	0	0	0	0	0	0	0	0	2	0	0	0	0	0	0	1	0	0	0	0	0	0	0	0	0	0	0	0	0	0	0	0	0	0	0	0	0	0	0	2	3	2	0	0	0	0	0	0	2	0	0	0	0	0	0	0	0
"DLBCL_RICOVER_1199"	5	0.015931449316554	0.028162418210132	0.015931449316554	0.015931449316554	0.924043233840206	2	0	0	0	2	0	0	0	0	0	2	0	0	0	2	2	0	0	0	0	0	0	0	0	3	0	1	0	0	0	0	0	0	0	0	0	0	0	0	0	0	0	0	0	0	0	0	0	0	0	0	0	0	0	0	0	0	0	0	0	0	0	0	0	0	0	0	0	0	0	0	0	0	0	0	0	1	0	0	0	0	0	0	2	0	0	0	0	0	3	2	0	0	0	0	0	0	0	0	0	0	0	0	0	0	0
"DLBCL_RICOVER_1045"	5	0.0185978705176889	0.0223480277918858	0.0173898002308179	0.0173898002308179	0.92427450122879	0	0	2	0	0	2	0	0	0	0	0	0	0	0	2	2	0	0	0	2	0	0	0	0	0	1	0	0	0	0	0	0	0	0	0	0	0	0	0	2	1	0	0	0	0	0	0	0	0	0	0	0	0	0	0	0	0	0	0	1	0	0	0	0	0	0	0	0	1	0	0	0	0	0	0	0	0	0	0	0	0	0	0	0	0	0	0	0	0	0	0	0	0	0	0	0	0	0	0	0	2	0	0	0	0	0
"DLBCL_RICOVER_148"	5	0.019255913173094	0.0191076474312706	0.0188105959342421	0.0178587073408582	0.924967136120535	0	0	0	0	0	0	0	0	2	0	0	0	2	0	0	0	0	0	0	0	2	0	0	2	0	0	0	0	0	0	0	0	0	0	0	0	0	0	0	0	0	0	0	0	0	0	0	0	0	0	0	0	0	0	0	1	0	0	0	0	0	0	0	0	1	0	0	0	0	0	0	1	0	0	0	0	0	0	1	0	0	0	0	0	0	0	0	0	0	0	0	0	0	0	0	0	0	0	0	0	0	0	0	0	0	0
"DLBCL_RICOVER_361"	5	0.0190755651685553	0.0189271514858994	0.018629803588332	0.0176769651923218	0.925690514564891	0	0	0	0	0	0	0	0	0	0	0	0	2	2	0	0	0	0	0	0	2	0	0	2	3	0	0	0	0	0	0	0	0	0	0	0	0	0	0	0	0	0	0	0	0	0	0	0	0	0	0	0	0	0	0	0	0	0	0	0	0	0	0	0	0	0	0	0	0	0	0	0	0	0	0	0	0	0	0	0	0	0	0	0	0	0	0	0	0	0	0	0	0	2	0	0	0	0	0	0	0	0	0	0	0	0
"DLBCL_LS2264"	5	0.0173254002781118	0.0187464562413019	0.0159201392866595	0.0197496435762824	0.928258360617644	0	0	0	0	0	2	0	0	0	0	2	0	0	0	0	0	2	0	0	0	0	0	0	0	0	0	0	0	0	0	0	0	0	0	0	0	0	1	0	0	0	2	0	1	0	0	0	0	0	0	0	0	0	0	0	0	0	0	0	0	0	0	0	0	0	0	0	0	0	0	0	0	0	0	0	0	0	0	0	0	0	0	0	0	0	0	0	0	0	3	0	0	0	0	0	0	0	0	0	0	0	0	0	0	0	0
"DLBCL_RICOVER_950"	5	0.0201910294756463	0.0172256098240212	0.0171478338444187	0.0168986045565031	0.928536922299411	0	0	0	0	2	0	0	0	0	0	0	0	0	0	0	2	1	0	0	0	2	0	2	0	0	0	0	0	0	0	0	0	0	0	0	0	0	0	0	0	0	0	0	0	0	0	0	0	0	0	0	0	0	0	0	0	0	0	0	0	0	0	0	0	0	0	0	0	0	0	0	0	0	0	0	0	0	0	0	0	0	0	0	2	0	2	0	0	0	0	0	0	0	0	0	0	0	0	0	0	0	0	0	0	0	0
"DLBCL_RICOVER_151"	5	0.0198546440606139	0.0170060724571945	0.0169313611400054	0.0169313611400054	0.929276561202181	0	0	0	0	1	0	0	1	0	2	0	0	0	2	2	0	0	0	0	2	0	0	1	0	0	0	2	0	0	1	0	0	0	0	0	0	2	0	0	0	0	0	0	0	0	0	0	0	0	0	0	0	0	0	0	1	0	0	0	0	1	0	0	0	0	1	1	0	0	1	0	0	0	1	0	0	1	0	1	2	0	0	2	0	0	0	0	0	0	0	0	0	0	0	0	0	0	0	0	0	0	0	0	0	0	0
"DLBCL_RICOVER_985"	5	0.0179708129611999	0.0178214930419504	0.0175223294927465	0.0165636729200913	0.930121691584012	0	0	2	1	0	0	0	0	0	0	0	0	2	0	0	0	0	0	0	2	2	0	0	2	0	0	2	0	0	0	0	0	0	0	0	0	0	0	0	0	0	0	0	0	0	0	0	0	0	0	0	0	0	0	1	1	0	0	0	0	0	0	0	0	0	0	1	1	0	0	0	0	0	0	0	0	0	0	0	0	0	0	0	2	0	0	0	0	0	0	0	0	0	0	0	0	0	0	0	0	0	0	0	0	0	0
"DLBCL_RICOVER_1247"	5	0.0197374626726426	0.0167645627718007	0.0166865906028628	0.0164367326359052	0.930374651316789	0	0	0	0	2	0	0	0	0	0	0	0	2	0	2	2	0	0	0	0	0	0	1	0	0	0	0	0	0	0	0	0	0	0	0	0	0	0	0	0	0	2	0	0	0	0	0	0	0	0	0	0	0	0	0	0	0	0	0	0	0	0	0	0	0	0	0	0	0	0	0	0	0	0	0	0	0	0	0	0	0	0	0	0	0	0	0	0	0	0	0	0	0	0	0	0	0	0	0	0	0	0	0	0	0	0
"DLBCL_RICOVER_617"	5	0.019405485149083	0.0165490523876065	0.0164741348734179	0.016234065439848	0.931337262150045	0	0	0	2	0	0	0	2	0	0	0	0	0	2	0	0	0	2	0	0	0	0	2	0	0	0	0	0	0	0	0	0	0	0	0	0	1	0	0	0	0	0	0	0	0	0	0	0	0	0	0	0	0	0	0	1	0	0	0	0	0	0	0	0	0	0	2	0	0	0	0	0	0	0	0	0	1	0	0	0	0	0	0	0	0	2	0	0	0	0	0	0	0	0	0	0	0	0	0	0	2	0	0	2	0	0
"DLBCL_LS2357"	5	0.0193353441436679	0.016228498162108	0.0169303592441283	0.0158858974492669	0.931619901000829	0	2	0	0	0	0	0	2	0	0	0	2	0	0	2	0	0	0	0	0	2	0	0	2	0	0	0	0	2	0	0	0	0	0	0	0	0	0	0	0	0	0	0	0	0	0	0	0	0	0	0	0	0	0	0	0	0	0	0	0	0	0	0	0	0	0	0	0	0	0	0	0	0	0	0	0	0	0	0	0	0	0	0	0	0	2	0	0	0	0	0	0	0	0	0	0	0	0	0	0	0	0	0	0	0	0
"DLBCL_DFCI_DLBCL_GOE08"	5	0.0192134483488903	0.0161045061551057	0.0168068407880483	0.0157616742870008	0.932113530420955	0	0	0	2	0	0	2	0	0	0	0	0	2	0	2	0	0	0	0	0	0	0	0	2	0	0	2	0	0	0	0	0	0	0	0	0	0	0	0	0	0	0	0	0	0	0	0	0	0	0	0	0	0	0	0	0	0	0	0	0	0	0	0	0	0	0	0	0	1	0	0	0	0	0	0	0	0	0	0	0	0	0	0	0	0	0	0	0	0	0	0	0	0	0	0	0	0	2	0	2	0	2	0	0	0	0
"DLBCL_C_D_1109_NULLPAIR"	5	0.0203802039937209	0.0148008955517791	0.015477245518282	0.0144707474454361	0.934870907490782	0	0	0	0	0	0	1	0	0	0	0	0	0	1	2	2	2	0	0	0	0	0	0	0	0	0	2	0	0	0	0	0	0	0	0	0	2	0	0	0	0	0	0	0	0	0	0	0	0	0	0	0	0	0	0	0	0	0	0	0	0	0	0	0	0	0	1	0	0	0	0	0	0	0	0	0	0	0	0	0	0	0	0	0	0	0	0	0	0	0	0	0	0	0	0	0	0	0	0	0	2	2	0	0	0	0
"DLBCL_RICOVER_692"	5	0.0184917196498384	0.01537036606381	0.0160755045284332	0.0150261655563019	0.935036244201617	2	0	0	1	2	0	0	2	0	1	0	0	0	2	0	0	2	0	2	0	0	0	1	2	0	2	0	0	0	1	0	0	2	0	0	0	0	0	0	0	0	2	0	0	0	0	0	0	0	0	0	1	0	0	0	0	0	0	1	2	0	0	0	0	0	0	2	0	0	0	0	0	0	0	0	0	0	0	0	0	0	0	0	0	0	2	0	0	0	0	0	0	0	2	0	0	0	0	0	0	0	2	0	2	0	0
"DLBCL_MC_F218_RAP"	5	0.0158864734253555	0.0157353249698401	0.0147046961310771	0.0144620961342257	0.939211409339502	0	0	0	0	2	0	0	0	0	0	0	0	0	1	2	0	0	0	0	0	0	2	2	0	0	0	0	0	0	0	0	0	0	0	0	0	0	0	0	0	0	0	0	0	0	0	0	0	0	0	0	0	0	0	0	0	0	0	0	0	0	0	0	0	0	0	0	0	0	0	0	0	0	0	0	0	0	0	0	0	0	0	2	0	0	2	0	0	0	0	0	0	0	0	0	0	0	0	0	0	0	0	0	0	0	3
"DLBCL_RICOVER_554"	5	0.0169667654406253	0.014071759863817	0.0139958306753895	0.0137525193822342	0.941213124637934	0	2	0	0	0	0	0	0	0	2	0	0	2	0	0	0	0	2	0	0	0	0	1	2	0	0	0	0	0	0	0	0	0	0	0	0	2	0	0	0	0	0	0	0	0	0	0	0	0	0	0	0	0	0	0	0	0	0	0	0	0	0	1	0	0	0	0	0	0	0	0	0	0	0	0	0	0	0	0	0	0	0	0	0	0	0	0	2	0	0	0	0	0	0	0	0	0	0	0	0	0	0	0	0	0	0
"DLBCL_C_D_1159_NULLPAIR"	5	0.0260396022010653	0.0111234492692224	0.0107436488784641	0.0107436488784641	0.941349650772784	2	0	0	0	0	0	0	0	0	0	2	2	0	0	0	0	0	0	0	0	2	0	2	0	0	0	1	0	0	0	0	0	0	0	0	0	1	0	0	0	0	2	0	0	0	0	0	0	0	0	0	0	0	0	0	0	0	0	0	0	0	0	0	0	0	0	0	0	0	0	0	0	0	1	0	0	0	0	0	0	0	0	0	0	0	0	0	0	0	0	0	0	0	0	0	0	0	0	0	0	0	2	0	0	0	3
"DLBCL_MC_F139_LJF"	5	0.0149211023760746	0.0147692807561598	0.0144651050313947	0.0134903871603034	0.942354124676067	1	2	1	2	0	2	2	0	2	0	0	0	2	0	1	0	0	2	2	2	0	0	0	2	0	0	0	0	0	0	0	2	0	0	0	0	2	0	0	0	0	0	0	0	0	0	0	0	1	0	0	0	0	0	0	0	0	0	0	1	1	1	0	0	0	0	1	0	0	0	0	0	0	0	0	0	1	0	0	0	0	0	0	0	0	0	0	0	2	0	0	0	0	0	0	0	0	2	0	0	0	0	0	0	0	0
"DLBCL_RICOVER_336"	5	0.0150688870514356	0.0149170673963621	0.0138818618808562	0.0136381845788473	0.942493999092499	0	0	0	0	0	0	2	0	0	0	0	2	0	2	0	2	0	2	0	0	0	2	0	2	0	0	0	0	0	0	0	0	0	0	0	0	2	0	0	0	0	0	0	0	0	0	0	0	0	0	0	0	0	0	0	0	1	0	0	0	0	1	0	0	0	0	2	1	0	0	0	1	0	1	0	0	0	0	0	0	0	0	0	0	0	0	0	0	0	0	0	0	0	0	0	0	1	2	0	0	0	0	0	0	0	0
"DLBCL_C_D_1103_NULLPAIR"	5	0.0162770652457756	0.0133711507981537	0.0132949354956978	0.0130507073644246	0.944006141095948	0	0	0	0	0	0	2	0	0	2	0	0	2	0	0	0	0	0	2	2	0	2	0	2	0	0	0	0	0	0	0	0	0	0	0	0	0	0	0	0	0	0	0	0	0	0	0	0	0	0	0	0	0	0	0	0	0	2	0	0	0	0	0	0	0	0	0	0	0	0	0	0	0	0	0	0	0	0	0	2	0	0	0	2	0	0	0	0	0	0	0	0	0	0	0	0	0	0	0	0	0	0	0	0	0	0
"DLBCL_LS3387"	5	0.0137036240550627	0.015220422987888	0.0122036845366604	0.0122036845366604	0.946668583883729	0	2	0	0	0	0	2	2	0	2	2	0	0	0	2	0	0	0	0	0	2	0	2	0	0	0	0	0	0	0	0	0	0	0	0	0	2	0	0	0	0	0	0	0	0	0	0	0	0	0	0	0	0	0	0	0	0	0	0	0	0	1	0	0	1	0	0	0	0	0	0	0	0	0	0	0	0	0	0	0	0	2	0	0	2	2	2	0	0	3	2	0	1	0	0	0	0	0	0	0	0	2	0	0	0	0
"DLBCL_C_D_1139_NULLPAIR"	5	0.0150373249601328	0.0119869101238714	0.0119069049205761	0.0116505321953626	0.949418327800057	1	0	0	0	0	0	0	0	0	0	2	0	2	2	2	0	1	2	0	2	0	0	2	1	0	0	0	0	0	0	0	0	0	0	0	0	0	0	0	0	0	0	0	1	0	0	1	0	0	0	0	0	0	1	0	0	0	0	0	0	0	0	0	1	1	0	1	1	0	0	0	0	1	0	0	0	0	0	0	0	0	0	0	0	0	0	2	0	0	0	0	0	0	0	0	0	0	0	0	0	0	0	0	0	0	3
"DLBCL_C_D_1151_NULLPAIR"	5	0.0147824272531442	0.011730346153772	0.0124198354178475	0.0113937845797631	0.949673606595473	0	2	0	0	0	0	0	2	2	0	0	0	0	0	0	0	1	0	0	0	2	2	0	2	0	0	0	0	0	0	0	1	0	0	0	0	0	0	0	0	0	0	0	0	0	0	0	0	0	0	0	0	0	0	0	0	0	0	0	0	0	0	0	0	0	0	0	0	0	0	0	0	1	0	0	0	1	0	1	2	0	0	2	0	0	2	0	0	0	0	0	0	0	0	0	0	0	2	0	0	0	0	0	0	0	3
"DLBCL_LS3271"	5	0.0146455174223493	0.0114580216355783	0.0121781021465262	0.0111065274401121	0.950611831355434	0	0	0	0	2	0	0	1	2	0	2	0	0	0	0	0	2	0	2	2	0	0	2	2	0	0	0	0	0	0	0	0	0	0	0	0	2	0	2	0	0	0	0	0	0	0	0	0	0	0	0	0	0	0	0	0	0	0	0	0	0	0	1	0	0	0	0	0	0	0	0	0	0	0	0	0	0	0	0	0	0	0	0	0	0	0	0	0	0	0	0	0	0	0	0	0	0	0	0	0	0	0	0	0	0	0
"DLBCL_C_D_1148_NULLPAIR"	5	0.0147248436156686	0.0113310947010886	0.0115879939238655	0.0113310947010886	0.951024973058289	0	2	0	0	0	0	0	0	0	0	0	0	0	1	0	2	2	0	0	1	0	2	0	2	0	0	0	0	0	0	0	0	0	0	0	0	0	0	0	0	0	0	0	0	0	0	0	0	0	0	0	0	0	0	0	0	0	0	0	1	0	0	0	0	0	0	2	0	0	1	0	0	0	0	0	0	0	0	0	0	0	0	2	0	0	2	0	0	0	0	0	3	0	0	0	0	0	0	0	0	0	2	0	0	0	3
"DLBCL_RICOVER_701"	5	0.0123590290900103	0.0122049438112431	0.0109069791089886	0.0109069791089886	0.953622068880769	0	0	0	2	0	0	0	0	0	0	0	2	0	0	0	0	0	0	0	2	2	0	0	2	0	0	0	0	0	0	0	0	0	0	0	0	0	0	0	0	0	0	0	0	0	0	0	0	0	0	0	0	0	0	0	0	0	0	0	0	0	0	0	0	0	0	0	0	0	0	0	0	0	0	0	0	0	0	0	0	0	0	0	0	0	0	0	0	0	0	0	0	1	0	0	0	0	0	2	0	0	0	0	0	0	0
"DLBCL_RICOVER_1061"	5	0.0138623364044859	0.0109182286010024	0.0108410115766373	0.0105935734775218	0.953784849940353	0	0	0	2	0	2	2	0	0	0	2	2	0	0	0	0	0	2	0	0	0	0	2	2	0	0	2	1	0	0	0	0	0	0	0	0	0	0	0	0	0	0	0	0	0	0	0	0	0	0	0	0	0	0	0	0	0	0	0	0	0	0	0	0	0	0	0	0	0	0	0	0	0	0	0	0	0	0	0	0	0	0	0	0	0	2	2	0	0	0	0	0	0	0	0	0	0	0	0	0	2	0	0	0	0	0
"DLBCL_RICOVER_1138"	5	0.013326355412452	0.0102477231702113	0.0101669778907548	0.00990823362801032	0.956350709898572	0	0	0	0	0	0	1	0	0	0	0	0	0	1	0	2	2	0	2	2	2	2	1	2	3	0	0	0	0	0	0	0	0	0	0	0	2	0	0	0	0	0	0	0	0	0	0	0	0	0	0	0	0	0	0	1	0	0	0	0	0	0	0	0	0	0	0	0	0	0	0	0	0	0	0	0	0	0	0	0	0	0	0	0	0	0	0	0	0	0	0	0	0	0	0	0	0	2	0	0	2	0	0	2	0	0
