0.813,0.75,0.60975
0.7198,0.763513513513513,0.549577027027027
0.8066,0.756756756756757,0.6104
0.5952,0.743243243243243,0.442378378378378
0.7869,0.756756756756757,0.595491891891892
0.7422,0.75,0.55665
0.7437,0.736486486486487,0.547725
0.7668,0.716216216216216,0.549194594594595
0.7478,0.743243243243243,0.555797297297297
0.7593,0.756756756756757,0.574605405405405
0.806,0.763513513513513,0.615391891891892
0.7479,0.743243243243243,0.555871621621622
0.7518,0.763513513513513,0.574009459459459
0.7341,0.77027027027027,0.565455405405405
0.7524,0.75,0.5643
0.8024,0.756756756756757,0.607221621621622
0.7464,0.756756756756757,0.564843243243243
0.7077,0.77027027027027,0.54512027027027
0.6965,0.763513513513513,0.531787162162162
0.689,0.743243243243243,0.512094594594594
0.7718,0.756756756756757,0.584064864864865
0.8312,0.763513513513513,0.634632432432433
0.7487,0.756756756756757,0.566583783783784
0.7166,0.763513513513513,0.547133783783784
0.6555,0.75,0.491625
0.7499,0.763513513513513,0.572558783783784
0.7972,0.763513513513513,0.608672972972973
0.8017,0.756756756756757,0.606691891891892
0.7119,0.756756756756757,0.538735135135135
0.7255,0.756756756756757,0.549027027027027
0.7501,0.763513513513513,0.572711486486487
0.6399,0.756756756756757,0.484248648648649
0.8241,0.777027027027027,0.640347972972973
0.678,0.756756756756757,0.513081081081081
0.7521,0.756756756756757,0.569156756756757
0.7908,0.736486486486487,0.582413513513513
0.762,0.756756756756757,0.576648648648649
0.6709,0.722972972972973,0.485042567567568
0.7476,0.77027027027027,0.575854054054054
0.694,0.77027027027027,0.534567567567568
0.7755,0.756756756756757,0.586864864864865
0.7366,0.763513513513513,0.562404054054054
0.7068,0.756756756756757,0.534875675675676
0.7463,0.77027027027027,0.574852702702703
0.6802,0.756756756756757,0.514745945945946
0.7536,0.743243243243243,0.560108108108108
0.7137,0.763513513513513,0.544919594594595
0.6489,0.756756756756757,0.49105945945946
0.7569,0.763513513513513,0.577903378378378
0.8113,0.756756756756757,0.613956756756757
0.806,0.756756756756757,0.609945945945946
0.7131,0.756756756756757,0.539643243243243
0.848,0.763513513513513,0.647459459459459
0.8039,0.777027027027027,0.624652027027027
0.7914,0.763513513513513,0.604244594594595
0.6836,0.75,0.5127
0.8087,0.763513513513513,0.617453378378378
0.8187,0.763513513513513,0.625088513513513
0.7054,0.763513513513513,0.538582432432432
0.8348,0.77027027027027,0.643021621621622
0.5188,0.702702702702703,0.364562162162162
0.7965,0.75,0.597375
0.894,0.756756756756757,0.676540540540541
0.7057,0.77027027027027,0.54357972972973
0.7418,0.763513513513513,0.566374324324324
0.7996,0.77027027027027,0.615908108108108
0.7575,0.763513513513513,0.578361486486486
0.631,0.743243243243243,0.468986486486486
0.8416,0.75,0.6312
0.8156,0.756756756756757,0.617210810810811
0.5727,0.75,0.429525
0.6747,0.756756756756757,0.510583783783784
0.7304,0.77027027027027,0.562605405405405
0.7782,0.77027027027027,0.599424324324324
0.7653,0.763513513513513,0.584316891891892
0.6477,0.743243243243243,0.481398648648649
0.7408,0.763513513513513,0.565610810810811
0.6858,0.75,0.51435
0.8814,0.756756756756757,0.667005405405405
0.6882,0.763513513513513,0.52545
0.9066,0.763513513513513,0.692201351351351
0.7205,0.77027027027027,0.55497972972973
0.7882,0.777027027027027,0.612452702702703
0.7184,0.743243243243243,0.533945945945946
0.7432,0.756756756756757,0.562421621621622
0.7218,0.756756756756757,0.546227027027027
0.6957,0.763513513513513,0.531176351351351
0.7505,0.756756756756757,0.567945945945946
0.6784,0.756756756756757,0.513383783783784
0.7811,0.756756756756757,0.591102702702703
0.7949,0.763513513513513,0.606916891891892
0.7649,0.75,0.573675
0.8407,0.756756756756757,0.636205405405405
0.6937,0.743243243243243,0.515587837837838
0.6319,0.763513513513513,0.482464189189189
0.7911,0.763513513513513,0.604015540540541
0.8457,0.756756756756757,0.639989189189189
0.8133,0.77027027027027,0.626460810810811
0.8417,0.756756756756757,0.636962162162162
0.669,0.77027027027027,0.515310810810811
0.8855,0.756756756756757,0.670108108108108
0.8047,0.75,0.603525
0.8681,0.756756756756757,0.656940540540541
0.8309,0.682432432432432,0.567033108108108
0.7153,0.763513513513513,0.546141216216216
0.6893,0.756756756756757,0.521632432432433
0.7605,0.756756756756757,0.575513513513514
0.7155,0.756756756756757,0.54145945945946
0.7284,0.756756756756757,0.551221621621622
0.6983,0.756756756756757,0.528443243243243
0.829,0.777027027027027,0.644155405405405
0.755,0.756756756756757,0.571351351351351
0.7615,0.756756756756757,0.57627027027027
0.8039,0.77027027027027,0.61922027027027
0.7622,0.777027027027027,0.59225
0.8369,0.72972972972973,0.610710810810811
0.8002,0.75,0.60015
0.6379,0.75,0.478425
0.7588,0.75,0.5691
0.7756,0.763513513513513,0.592181081081081
0.7665,0.763513513513513,0.585233108108108
0.7067,0.756756756756757,0.5348
0.6325,0.77027027027027,0.487195945945946
0.7041,0.75,0.528075
0.8367,0.756756756756757,0.633178378378378
0.8071,0.736486486486487,0.594418243243243
0.8012,0.763513513513513,0.611727027027027
0.7951,0.77027027027027,0.612441891891892
0.8075,0.756756756756757,0.611081081081081
0.7942,0.763513513513513,0.606382432432432
0.7386,0.763513513513513,0.563931081081081
0.7227,0.756756756756757,0.546908108108108
0.7778,0.75,0.58335
0.7561,0.763513513513513,0.577292567567568
0.8239,0.763513513513513,0.629058783783784
0.6459,0.756756756756757,0.488789189189189
0.6661,0.77027027027027,0.513077027027027
0.74,0.763513513513513,0.565
0.6817,0.77027027027027,0.525093243243243
0.6834,0.655405405405405,0.447904054054054
0.7635,0.763513513513513,0.582942567567567
0.7687,0.763513513513513,0.586912837837838
0.7624,0.756756756756757,0.576951351351351
0.6732,0.756756756756757,0.509448648648649
0.7478,0.75,0.56085
0.8667,0.756756756756757,0.655881081081081
0.8003,0.756756756756757,0.605632432432432
0.6249,0.756756756756757,0.472897297297297
0.7353,0.75,0.551475
0.8102,0.77027027027027,0.624072972972973
0.7302,0.743243243243243,0.542716216216216
0.6422,0.763513513513513,0.490328378378378
0.8397,0.756756756756757,0.635448648648649
0.667,0.75,0.50025
0.8743,0.668918918918919,0.584835810810811
0.67,0.763513513513513,0.511554054054054
0.8494,0.75,0.63705
0.7227,0.777027027027027,0.561557432432432
0.7006,0.756756756756757,0.530183783783784
0.7829,0.756756756756757,0.592464864864865
0.7963,0.763513513513513,0.607985810810811
0.7979,0.75,0.598425
0.6706,0.77027027027027,0.516543243243243
0.7468,0.743243243243243,0.555054054054054
0.5845,0.743243243243243,0.434425675675676
0.6986,0.709459459459459,0.495628378378378
0.7586,0.75,0.56895
0.7589,0.77027027027027,0.584558108108108
0.7689,0.763513513513513,0.58706554054054
0.7973,0.763513513513513,0.608749324324324
0.6892,0.763513513513513,0.526213513513514
0.8071,0.756756756756757,0.610778378378378
0.7512,0.75,0.5634
0.8327,0.756756756756757,0.630151351351351
0.841,0.756756756756757,0.636432432432432
0.7052,0.763513513513513,0.53842972972973
0.8459,0.75,0.634425
0.7333,0.75,0.549975
0.7973,0.763513513513513,0.608749324324324
0.7148,0.75,0.5361
0.6634,0.75,0.49755
0.8307,0.756756756756757,0.628637837837838
0.658,0.763513513513513,0.502391891891892
0.8024,0.763513513513513,0.612643243243243
0.7541,0.783783783783784,0.591051351351351
0.6537,0.763513513513513,0.499108783783784
0.7364,0.756756756756757,0.557275675675676
0.7755,0.77027027027027,0.597344594594595
0.7632,0.763513513513513,0.582713513513514
0.7771,0.75,0.582825
0.828,0.743243243243243,0.615405405405405
0.6598,0.77027027027027,0.508224324324324
0.7166,0.756756756756757,0.542291891891892
0.7039,0.75,0.527925
0.7431,0.763513513513513,0.567366891891892
0.7689,0.756756756756757,0.58187027027027
0.639,0.75,0.47925
0.6758,0.77027027027027,0.520548648648649
0.7215,0.75,0.541125
0.8405,0.763513513513513,0.641733108108108
