0.9706,0.919463087248322,0.892430872483222
0.9857,0.932885906040268,0.919545637583893
0.9572,0.89261744966443,0.854413422818792
0.9101,0.946308724832215,0.861235570469799
0.9683,0.906040268456376,0.877318791946309
0.9453,0.953020134228188,0.900889932885906
0.9615,0.926174496644295,0.89051677852349
0.9269,0.946308724832215,0.87713355704698
0.9722,0.919463087248322,0.893902013422819
0.9606,0.919463087248322,0.883236241610738
0.9508,0.919463087248322,0.874225503355705
0.9675,0.926174496644295,0.896073825503356
0.9733,0.939597315436242,0.914510067114094
0.9514,0.939597315436242,0.89393288590604
0.9538,0.89261744966443,0.851378523489933
0.972,0.939597315436242,0.913288590604027
0.9636,0.939597315436242,0.905395973154362
0.9701,0.939597315436242,0.911503355704698
0.9498,0.906040268456376,0.860557046979866
0.9463,0.932885906040268,0.882789932885906
0.9614,0.939597315436242,0.903328859060403
0.9552,0.899328859060403,0.859038926174497
0.8845,0.919463087248322,0.813265100671141
0.9554,0.946308724832215,0.904103355704698
0.9503,0.939597315436242,0.89289932885906
0.9778,0.939597315436242,0.918738255033557
0.9447,0.926174496644295,0.874957046979866
0.8537,0.919463087248322,0.784945637583893
0.9528,0.953020134228188,0.908037583892617
0.863,0.906040268456376,0.781912751677852
0.93,0.926174496644295,0.861342281879195
0.9154,0.953020134228188,0.872394630872483
0.9636,0.939597315436242,0.905395973154362
0.9657,0.932885906040268,0.900887919463087
0.9857,0.919463087248322,0.906314765100671
0.7299,0.912751677852349,0.66621744966443
0.9509,0.926174496644295,0.88069932885906
0.9359,0.919463087248322,0.860525503355705
0.9687,0.953020134228188,0.923190604026846
0.9524,0.939597315436242,0.894872483221477
0.9618,0.932885906040268,0.89724966442953
0.9669,0.932885906040268,0.902007382550336
0.9748,0.946308724832215,0.922461744966443
0.9795,0.919463087248322,0.900614093959732
0.9565,0.926174496644295,0.885885906040269
0.9767,0.932885906040268,0.91114966442953
0.9706,0.932885906040268,0.905459060402685
0.9293,0.932885906040268,0.866930872483221
0.8643,0.926174496644295,0.800492617449664
0.9287,0.919463087248322,0.853905369127517
0.9668,0.946308724832215,0.914891275167785
0.9806,0.932885906040268,0.914787919463087
0.9052,0.912751677852349,0.826222818791946
0.9333,0.939597315436242,0.876926174496644
0.9825,0.932885906040268,0.916560402684564
0.9568,0.926174496644295,0.886163758389262
0.982,0.946308724832215,0.929275167785235
0.9576,0.926174496644295,0.886904697986577
0.9373,0.912751677852349,0.855522147651007
0.9449,0.939597315436242,0.887825503355705
0.9571,0.906040268456376,0.867171140939597
0.9475,0.926174496644295,0.87755033557047
0.8827,0.926174496644295,0.81753422818792
0.9793,0.919463087248322,0.900430201342282
0.9832,0.912751677852349,0.897417449664429
0.9427,0.919463087248322,0.866777852348993
0.9366,0.926174496644295,0.867455033557047
0.9647,0.926174496644295,0.893480536912752
0.9659,0.932885906040268,0.901074496644295
0.9936,0.932885906040268,0.926915436241611
0.9654,0.946308724832215,0.91356644295302
0.9768,0.932885906040268,0.911242953020134
0.9892,0.926174496644295,0.916171812080537
0.9301,0.953020134228188,0.886404026845638
0.9544,0.946308724832215,0.903157046979866
0.9127,0.912751677852349,0.833068456375839
0.8799,0.946308724832215,0.832657046979866
0.9824,0.939597315436242,0.923060402684564
0.9556,0.919463087248322,0.878638926174497
0.9121,0.926174496644295,0.844763758389262
0.9395,0.912751677852349,0.857530201342282
0.984,0.939597315436242,0.924563758389262
0.9463,0.946308724832215,0.895491946308725
0.952,0.906040268456376,0.86255033557047
0.98,0.932885906040268,0.914228187919463
0.9522,0.926174496644295,0.881903355704698
0.9553,0.932885906040268,0.891185906040268
0.9286,0.926174496644295,0.860045637583893
0.9863,0.946308724832215,0.933344295302013
0.9723,0.953020134228188,0.926621476510067
0.9694,0.932885906040268,0.904339597315436
0.9583,0.946308724832215,0.906847651006711
0.9826,0.926174496644295,0.910059060402685
0.9614,0.899328859060403,0.864614765100671
0.9478,0.919463087248322,0.87146711409396
0.9604,0.946308724832215,0.908834899328859
0.9627,0.906040268456376,0.872244966442953
0.9382,0.912751677852349,0.856343624161074
0.9476,0.959731543624161,0.909441610738255
0.9866,0.946308724832215,0.933628187919463
0.9587,0.899328859060403,0.862186577181208
0.8983,0.953020134228188,0.856097986577181
0.9764,0.912751677852349,0.891210738255034
0.9393,0.89261744966443,0.838435570469799
0.993,0.939597315436242,0.933020134228188
0.9884,0.919463087248322,0.908797315436242
0.9036,0.919463087248322,0.830826845637584
0.9846,0.932885906040268,0.918519463087248
0.9658,0.919463087248322,0.88801744966443
0.9837,0.932885906040268,0.917679865771812
0.9034,0.946308724832215,0.854895302013423
0.9677,0.912751677852349,0.883269798657718
0.9677,0.932885906040268,0.902753691275168
0.9642,0.946308724832215,0.912430872483221
0.9426,0.906040268456376,0.85403355704698
0.9506,0.939597315436242,0.893181208053691
0.9783,0.926174496644295,0.906076510067114
0.9851,0.939597315436242,0.925597315436242
0.931,0.939597315436242,0.874765100671141
0.9504,0.939597315436242,0.892993288590604
0.97,0.939597315436242,0.911409395973154
0.9665,0.932885906040268,0.901634228187919
0.9344,0.879194630872483,0.821519463087248
0.9667,0.919463087248322,0.888844966442953
0.9598,0.946308724832215,0.90826711409396
0.9353,0.946308724832215,0.88508255033557
0.9379,0.939597315436242,0.881248322147651
0.9642,0.946308724832215,0.912430872483221
0.9511,0.919463087248322,0.874501342281879
0.949,0.932885906040268,0.885308724832215
0.9471,0.946308724832215,0.896248993288591
0.9646,0.906040268456376,0.87396644295302
0.9717,0.939597315436242,0.913006711409396
0.9765,0.932885906040268,0.910963087248322
0.9404,0.946308724832215,0.889908724832215
0.9329,0.946308724832215,0.882811409395973
0.9685,0.932885906040268,0.9035
0.9414,0.919463087248322,0.865582550335571
0.9579,0.919463087248322,0.880753691275168
0.8841,0.912751677852349,0.806963758389262
0.992,0.932885906040268,0.925422818791946
0.9681,0.932885906040268,0.903126845637584
0.9636,0.919463087248322,0.885994630872483
0.9498,0.946308724832215,0.898804026845638
0.8701,0.912751677852349,0.794185234899329
0.9546,0.939597315436242,0.896939597315436
0.9172,0.919463087248322,0.843331543624161
0.9486,0.939597315436242,0.891302013422819
0.9068,0.926174496644295,0.839855033557047
0.9695,0.932885906040268,0.90443288590604
0.9585,0.939597315436242,0.900604026845638
0.9384,0.912751677852349,0.856526174496644
0.9327,0.932885906040268,0.870102684563758
0.9723,0.899328859060403,0.87441744966443
0.9239,0.919463087248322,0.849491946308725
0.9551,0.946308724832215,0.903819463087248
0.9038,0.946308724832215,0.855273825503356
0.9279,0.906040268456376,0.840714765100671
0.9785,0.953020134228188,0.932530201342282
0.9638,0.939597315436242,0.90558389261745
0.9127,0.926174496644295,0.845319463087248
0.9779,0.953020134228188,0.931958389261745
0.9296,0.953020134228188,0.885927516778523
0.9809,0.939597315436242,0.921651006711409
0.9856,0.939597315436242,0.92606711409396
0.9741,0.906040268456376,0.882573825503356
0.9699,0.946308724832215,0.917824832214765
0.9759,0.953020134228188,0.930052348993289
0.9814,0.953020134228188,0.935293959731544
0.9572,0.939597315436242,0.89938255033557
0.9655,0.946308724832215,0.913661073825503
0.9775,0.939597315436242,0.918456375838926
0.9114,0.926174496644295,0.844115436241611
0.953,0.932885906040268,0.889040268456376
0.9667,0.932885906040268,0.901820805369127
0.9606,0.932885906040268,0.896130201342282
0.9732,0.899328859060403,0.875226845637584
0.9908,0.919463087248322,0.911004026845638
0.9241,0.919463087248322,0.849675838926174
0.9747,0.946308724832215,0.92236711409396
0.9764,0.932885906040268,0.910869798657718
0.9138,0.926174496644295,0.846338255033557
0.9692,0.946308724832215,0.917162416107382
0.9711,0.966442953020134,0.938512751677852
0.9864,0.946308724832215,0.933438926174497
0.9392,0.919463087248322,0.863559731543624
0.9556,0.939597315436242,0.897879194630873
0.9674,0.939597315436242,0.90896644295302
0.9216,0.919463087248322,0.847377181208054
0.9529,0.939597315436242,0.895342281879195
0.9427,0.899328859060403,0.847797315436242
0.9642,0.946308724832215,0.912430872483221
0.9413,0.953020134228188,0.897077852348993
0.971,0.953020134228188,0.92538255033557
0.9748,0.885906040268456,0.863581208053691
0.8878,0.906040268456376,0.80438255033557
0.9256,0.912751677852349,0.844842953020134
0.9556,0.946308724832215,0.904292617449664
0.9627,0.919463087248322,0.88516711409396
0.9413,0.939597315436242,0.884442953020134
