0.7652,0.738255033557047,0.564912751677852
0.7683,0.785234899328859,0.603295973154362
0.9126,0.778523489932886,0.710480536912752
0.9787,0.771812080536913,0.755372483221477
0.8814,0.751677852348993,0.662528859060403
0.8701,0.758389261744966,0.659874496644295
0.8454,0.76510067114094,0.64681610738255
0.9431,0.785234899328859,0.740555033557047
0.9163,0.805369127516778,0.737959731543624
0.891,0.76510067114094,0.681704697986577
0.9371,0.76510067114094,0.716975838926175
0.9122,0.751677852348993,0.685680536912752
0.925,0.778523489932886,0.72013422818792
0.9081,0.812080536912752,0.73745033557047
0.9492,0.724832214765101,0.688010738255034
0.8737,0.758389261744966,0.662604697986577
0.9348,0.738255033557047,0.690120805369128
0.8012,0.738255033557047,0.591489932885906
0.8583,0.771812080536913,0.662446308724832
0.9411,0.778523489932886,0.732668456375839
0.8252,0.778523489932886,0.642437583892618
0.935,0.76510067114094,0.715369127516779
0.9037,0.791946308724832,0.715681879194631
0.8827,0.724832214765101,0.639809395973154
0.955,0.738255033557047,0.70503355704698
0.9304,0.785234899328859,0.73058255033557
0.9619,0.771812080536913,0.742406040268456
0.9398,0.771812080536913,0.725348993288591
0.9274,0.805369127516778,0.74689932885906
0.9312,0.76510067114094,0.712461744966443
0.9187,0.76510067114094,0.702897986577181
0.8952,0.785234899328859,0.702942281879195
0.9123,0.758389261744966,0.691878523489933
0.9649,0.758389261744966,0.731769798657718
0.939,0.74496644295302,0.699523489932886
0.9294,0.76510067114094,0.711084563758389
0.9342,0.785234899328859,0.73356644295302
0.9208,0.778523489932886,0.716864429530201
0.8762,0.771812080536913,0.676261744966443
0.9623,0.76510067114094,0.736256375838926
0.8999,0.74496644295302,0.670395302013423
0.8999,0.751677852348993,0.676434899328859
0.9443,0.791946308724832,0.747834899328859
0.9544,0.798657718120805,0.762238926174497
0.9635,0.751677852348993,0.724241610738255
0.852,0.751677852348993,0.640429530201342
0.8405,0.724832214765101,0.609221476510067
0.944,0.738255033557047,0.696912751677852
0.9133,0.778523489932886,0.711025503355705
0.9613,0.791946308724832,0.761297986577181
0.9139,0.791946308724832,0.723759731543624
0.893,0.751677852348993,0.671248322147651
0.9244,0.771812080536913,0.713463087248322
0.74,0.758389261744966,0.561208053691275
0.9535,0.798657718120805,0.761520134228188
0.9221,0.785234899328859,0.724065100671141
0.9827,0.791946308724832,0.778245637583893
0.8858,0.771812080536913,0.683671140939597
0.9564,0.785234899328859,0.750998657718121
0.9229,0.818791946308725,0.755663087248322
0.8475,0.771812080536913,0.654110738255034
0.8551,0.738255033557047,0.631281879194631
0.8288,0.791946308724832,0.656365100671141
0.9468,0.738255033557047,0.698979865771812
0.8736,0.778523489932886,0.680118120805369
0.9654,0.778523489932886,0.751586577181208
0.9517,0.758389261744966,0.721759060402685
0.8574,0.771812080536913,0.661751677852349
0.8474,0.738255033557047,0.625597315436242
0.7618,0.751677852348993,0.572628187919463
0.9149,0.785234899328859,0.718411409395973
0.9263,0.751677852348993,0.696279194630873
0.9266,0.76510067114094,0.708942281879195
0.8216,0.758389261744966,0.623092617449664
0.9615,0.791946308724832,0.761456375838926
0.9479,0.785234899328859,0.744324161073825
0.9036,0.751677852348993,0.67921610738255
0.8171,0.771812080536913,0.630647651006711
0.9077,0.76510067114094,0.694481879194631
0.9063,0.758389261744966,0.687328187919463
0.9402,0.805369127516778,0.757208053691275
0.8056,0.758389261744966,0.610958389261745
0.9137,0.778523489932886,0.711336912751678
0.946,0.76510067114094,0.723785234899329
0.9772,0.758389261744966,0.741097986577181
0.9391,0.711409395973154,0.668084563758389
0.8638,0.751677852348993,0.64929932885906
0.9086,0.758389261744966,0.689072483221477
0.8314,0.74496644295302,0.619365100671141
0.8842,0.778523489932886,0.688370469798658
0.9645,0.798657718120805,0.770305369127517
0.912,0.74496644295302,0.679409395973154
0.9095,0.76510067114094,0.695859060402685
0.916,0.771812080536913,0.706979865771812
0.9743,0.791946308724832,0.771593288590604
0.9589,0.771812080536913,0.740090604026846
0.932,0.76510067114094,0.713073825503356
0.9058,0.778523489932886,0.705186577181208
0.9162,0.771812080536913,0.707134228187919
0.837,0.74496644295302,0.623536912751678
0.9703,0.798657718120805,0.774937583892617
0.8947,0.798657718120805,0.714559060402685
0.9252,0.76510067114094,0.707871140939597
0.9576,0.798657718120805,0.764794630872483
0.8834,0.798657718120805,0.705534228187919
0.9415,0.738255033557047,0.69506711409396
0.9549,0.771812080536913,0.737003355704698
0.931,0.758389261744966,0.706060402684564
0.9351,0.791946308724832,0.740548993288591
0.8377,0.738255033557047,0.618436241610738
0.8538,0.771812080536913,0.658973154362416
0.9268,0.758389261744966,0.702875167785235
0.9435,0.724832214765101,0.683879194630872
0.8811,0.758389261744966,0.66821677852349
0.8989,0.778523489932886,0.699814765100671
0.8976,0.812080536912752,0.728923489932886
0.8891,0.791946308724832,0.704119463087248
0.9088,0.751677852348993,0.683124832214765
0.7831,0.798657718120805,0.625428859060403
0.9577,0.785234899328859,0.752019463087248
0.9389,0.771812080536913,0.724654362416107
0.9087,0.76510067114094,0.695246979865772
0.9852,0.785234899328859,0.773613422818792
0.8767,0.798657718120805,0.70018322147651
0.8936,0.785234899328859,0.701685906040268
0.9081,0.812080536912752,0.73745033557047
0.9412,0.778523489932886,0.732746308724832
0.9263,0.76510067114094,0.708712751677852
0.9485,0.771812080536913,0.732063758389262
0.7484,0.724832214765101,0.542464429530201
0.9573,0.74496644295302,0.713156375838926
0.9402,0.798657718120805,0.750897986577181
0.9106,0.778523489932886,0.708923489932886
0.9331,0.778523489932886,0.726440268456376
0.9342,0.778523489932886,0.727296644295302
0.9309,0.785234899328859,0.730975167785235
0.9043,0.805369127516778,0.728295302013423
0.9156,0.785234899328859,0.718961073825503
0.8866,0.74496644295302,0.660487248322148
0.9349,0.76510067114094,0.715292617449664
0.9172,0.791946308724832,0.726373154362416
0.8393,0.791946308724832,0.664680536912752
0.9394,0.791946308724832,0.743954362416107
0.8741,0.778523489932886,0.680507382550336
0.9551,0.771812080536913,0.737157718120805
0.9341,0.798657718120805,0.746026174496644
0.8843,0.738255033557047,0.652838926174497
0.8953,0.751677852348993,0.672977181208054
0.9185,0.771812080536913,0.708909395973154
0.9686,0.778523489932886,0.754077852348993
0.9649,0.791946308724832,0.764148993288591
0.8235,0.758389261744966,0.62453355704698
0.9507,0.74496644295302,0.708239597315436
0.957,0.758389261744966,0.725778523489933
0.9488,0.798657718120805,0.75776644295302
0.9577,0.798657718120805,0.764874496644295
0.8586,0.785234899328859,0.674202684563758
0.905,0.751677852348993,0.680268456375839
0.9819,0.758389261744966,0.744662416107383
0.8752,0.76510067114094,0.66961610738255
0.9236,0.798657718120805,0.737640268456376
0.9074,0.791946308724832,0.718612080536913
0.9153,0.771812080536913,0.706439597315436
0.8318,0.758389261744966,0.630828187919463
0.9639,0.778523489932886,0.750418791946309
0.8667,0.785234899328859,0.680563087248322
0.8916,0.758389261744966,0.676179865771812
0.9006,0.785234899328859,0.70718255033557
0.8954,0.76510067114094,0.685071140939597
0.8901,0.74496644295302,0.663094630872483
0.9211,0.805369127516778,0.741825503355705
0.8595,0.798657718120805,0.686446308724832
0.834,0.791946308724832,0.66048322147651
0.9486,0.751677852348993,0.713041610738255
0.9144,0.778523489932886,0.711881879194631
0.8817,0.771812080536913,0.680506711409396
0.9436,0.825503355704698,0.778944966442953
0.9103,0.778523489932886,0.708689932885906
0.9406,0.791946308724832,0.744904697986577
0.9012,0.758389261744966,0.683460402684564
0.9391,0.718120805369127,0.674387248322148
0.9284,0.778523489932886,0.722781208053691
0.9756,0.76510067114094,0.746432214765101
0.9409,0.76510067114094,0.71988322147651
0.8906,0.771812080536913,0.687375838926174
0.9518,0.791946308724832,0.753774496644295
0.9545,0.785234899328859,0.749506711409396
0.9175,0.778523489932886,0.714295302013423
0.9159,0.74496644295302,0.682314765100671
0.9433,0.738255033557047,0.696395973154363
0.7863,0.751677852348993,0.591044295302013
0.9525,0.778523489932886,0.741543624161074
0.9525,0.791946308724832,0.754328859060403
0.9331,0.798657718120805,0.745227516778524
0.9005,0.778523489932886,0.701060402684564
0.7677,0.778523489932886,0.597672483221477
0.9137,0.76510067114094,0.699072483221477
0.8826,0.778523489932886,0.687124832214765
0.9423,0.778523489932886,0.733602684563758
0.9459,0.785234899328859,0.742753691275168
