0.8732,0.771812080536913,0.673946308724832
0.9321,0.738255033557047,0.688127516778524
0.8521,0.724832214765101,0.617629530201342
0.9392,0.751677852348993,0.705975838926175
0.8769,0.778523489932886,0.682687248322148
0.931,0.778523489932886,0.724805369127517
0.8177,0.791946308724832,0.647574496644295
0.88,0.76510067114094,0.673288590604027
0.9113,0.738255033557047,0.672771812080537
0.9208,0.758389261744966,0.698324832214765
0.778,0.758389261744966,0.590026845637584
0.7764,0.771812080536913,0.599234899328859
0.9431,0.751677852348993,0.708907382550336
0.8991,0.724832214765101,0.651696644295302
0.9492,0.758389261744966,0.719863087248322
0.8011,0.805369127516778,0.645181208053691
0.6728,0.812080536912752,0.546367785234899
0.7709,0.738255033557047,0.569120805369128
0.8875,0.751677852348993,0.667114093959732
0.9062,0.785234899328859,0.711579865771812
0.9538,0.758389261744966,0.723351677852349
0.7788,0.805369127516778,0.627221476510067
0.8326,0.791946308724832,0.659374496644295
0.8309,0.771812080536913,0.641298657718121
0.8656,0.731543624161074,0.633224161073826
0.8402,0.751677852348993,0.631559731543624
0.8868,0.76510067114094,0.678491275167785
0.9063,0.76510067114094,0.693410738255034
0.8966,0.758389261744966,0.679971812080537
0.8672,0.751677852348993,0.651855033557047
0.8958,0.76510067114094,0.685377181208054
0.9267,0.76510067114094,0.709018791946309
0.9032,0.76510067114094,0.691038926174497
0.8891,0.74496644295302,0.66234966442953
0.9059,0.751677852348993,0.680944966442953
0.8292,0.791946308724832,0.656681879194631
0.9053,0.76510067114094,0.692645637583893
0.9551,0.751677852348993,0.717927516778524
0.9057,0.76510067114094,0.692951677852349
0.822,0.758389261744966,0.623395973154362
0.8955,0.718120805369127,0.643077181208054
0.9501,0.771812080536913,0.733298657718121
0.9263,0.76510067114094,0.708712751677852
0.7957,0.76510067114094,0.608790604026846
0.9085,0.738255033557047,0.670704697986577
0.8891,0.758389261744966,0.67428389261745
0.9313,0.771812080536913,0.718788590604027
0.9552,0.731543624161074,0.698770469798658
0.9251,0.76510067114094,0.707794630872483
0.9582,0.758389261744966,0.726688590604027
0.9605,0.751677852348993,0.721986577181208
0.9299,0.76510067114094,0.71146711409396
0.9323,0.778523489932886,0.72581744966443
0.9143,0.738255033557047,0.674986577181208
0.9464,0.76510067114094,0.724091275167785
0.96,0.74496644295302,0.715167785234899
0.8985,0.74496644295302,0.669352348993289
0.8228,0.798657718120805,0.657135570469799
0.8358,0.738255033557047,0.61703355704698
0.9146,0.771812080536913,0.70589932885906
0.9182,0.738255033557047,0.677865771812081
0.8874,0.771812080536913,0.684906040268456
0.871,0.738255033557047,0.643020134228188
0.9021,0.76510067114094,0.690197315436242
0.7722,0.771812080536913,0.595993288590604
0.9353,0.751677852348993,0.703044295302014
0.6685,0.751677852348993,0.502496644295302
0.588,0.758389261744966,0.44593288590604
0.9544,0.771812080536913,0.73661744966443
0.8503,0.791946308724832,0.673391946308725
0.8585,0.758389261744966,0.651077181208054
0.8877,0.74496644295302,0.661306711409396
0.8732,0.778523489932886,0.679806711409396
0.9273,0.738255033557047,0.68458389261745
0.8715,0.738255033557047,0.643389261744966
0.8776,0.724832214765101,0.636112751677852
0.8186,0.738255033557047,0.604335570469799
0.929,0.74496644295302,0.692073825503356
0.8974,0.731543624161074,0.656487248322148
0.9516,0.751677852348993,0.715296644295302
0.9005,0.785234899328859,0.707104026845638
0.6706,0.704697986577181,0.472570469798658
0.8355,0.758389261744966,0.633634228187919
0.9566,0.76510067114094,0.731895302013423
0.8734,0.724832214765101,0.633068456375839
0.7304,0.76510067114094,0.558829530201342
0.902,0.758389261744966,0.68406711409396
0.8579,0.751677852348993,0.644864429530201
0.857,0.771812080536913,0.661442953020134
0.9177,0.771812080536913,0.708291946308725
0.804,0.76510067114094,0.615140939597316
0.8729,0.778523489932886,0.679573154362416
0.8868,0.771812080536913,0.684442953020134
0.7625,0.771812080536913,0.588506711409396
0.8768,0.778523489932886,0.682609395973154
0.8905,0.758389261744966,0.675345637583893
0.8384,0.738255033557047,0.618953020134228
0.8943,0.76510067114094,0.684229530201342
0.8667,0.74496644295302,0.645662416107383
0.9468,0.758389261744966,0.718042953020134
0.8868,0.785234899328859,0.696346308724832
0.9464,0.738255033557047,0.698684563758389
0.8869,0.758389261744966,0.672615436241611
0.9186,0.731543624161074,0.671995973154362
0.8477,0.771812080536913,0.654265100671141
0.9511,0.751677852348993,0.714920805369127
0.9458,0.76510067114094,0.723632214765101
0.7797,0.76510067114094,0.596548993288591
0.9197,0.731543624161074,0.67280067114094
0.9005,0.771812080536913,0.69501677852349
0.9659,0.76510067114094,0.739010738255033
0.807,0.758389261744966,0.612020134228188
0.755,0.724832214765101,0.547248322147651
0.8982,0.778523489932886,0.699269798657718
0.843,0.778523489932886,0.656295302013423
0.9604,0.724832214765101,0.696128859060403
0.9222,0.718120805369127,0.662251006711409
0.8859,0.704697986577181,0.624291946308725
0.9433,0.751677852348993,0.709057718120805
0.9353,0.758389261744966,0.709321476510067
0.9242,0.791946308724832,0.73191677852349
0.9498,0.785234899328859,0.74581610738255
0.8952,0.724832214765101,0.648869798657718
0.8354,0.785234899328859,0.655985234899329
0.8956,0.76510067114094,0.685224161073825
0.8811,0.778523489932886,0.685957046979866
0.8537,0.758389261744966,0.647436912751678
0.9062,0.731543624161074,0.662924832214765
0.954,0.731543624161074,0.697892617449664
0.867,0.738255033557047,0.64006711409396
0.9422,0.724832214765101,0.682936912751678
0.8339,0.76510067114094,0.63801744966443
0.8825,0.738255033557047,0.651510067114094
0.8676,0.751677852348993,0.652155704697987
0.8443,0.731543624161074,0.617642281879195
0.9441,0.76510067114094,0.722331543624161
0.8046,0.76510067114094,0.6156
0.8194,0.771812080536913,0.632422818791946
0.9164,0.738255033557047,0.676536912751678
0.8489,0.791946308724832,0.67228322147651
0.963,0.771812080536913,0.743255033557047
0.8875,0.778523489932886,0.690939597315436
0.7786,0.751677852348993,0.585256375838926
0.9171,0.771812080536913,0.707828859060403
0.8036,0.785234899328859,0.631014765100671
0.912,0.76510067114094,0.697771812080537
0.9282,0.751677852348993,0.697707382550336
0.8695,0.771812080536913,0.671090604026846
0.9147,0.778523489932886,0.712115436241611
0.9725,0.785234899328859,0.763640939597315
0.8352,0.74496644295302,0.622195973154362
0.8598,0.731543624161074,0.628981208053691
0.8488,0.76510067114094,0.649417449664429
0.9554,0.758389261744966,0.724565100671141
0.8873,0.76510067114094,0.678873825503356
0.8398,0.778523489932886,0.653804026845638
0.9094,0.751677852348993,0.683575838926174
0.882,0.751677852348993,0.662979865771812
0.8438,0.771812080536913,0.651255033557047
0.8723,0.758389261744966,0.661542953020134
0.8983,0.738255033557047,0.663174496644295
0.8734,0.711409395973154,0.621344966442953
0.7353,0.785234899328859,0.57738322147651
0.9275,0.74496644295302,0.690956375838926
0.8536,0.771812080536913,0.658818791946309
0.8668,0.718120805369127,0.62246711409396
0.8786,0.74496644295302,0.654527516778524
0.8243,0.771812080536913,0.636204697986577
0.7987,0.738255033557047,0.589644295302013
0.8095,0.74496644295302,0.60305033557047
0.8404,0.791946308724832,0.665551677852349
0.905,0.758389261744966,0.686342281879195
0.9058,0.76510067114094,0.693028187919463
0.9438,0.758389261744966,0.715767785234899
0.8912,0.771812080536913,0.687838926174497
0.9488,0.738255033557047,0.700456375838926
0.8529,0.751677852348993,0.641106040268456
0.9328,0.738255033557047,0.688644295302013
0.9208,0.758389261744966,0.698324832214765
0.8759,0.76510067114094,0.670151677852349
0.9464,0.738255033557047,0.698684563758389
0.9469,0.74496644295302,0.705408724832215
0.9262,0.738255033557047,0.683771812080537
0.9135,0.758389261744966,0.692788590604027
0.9511,0.778523489932886,0.740453691275168
0.9146,0.751677852348993,0.687484563758389
0.8961,0.76510067114094,0.685606711409396
0.9522,0.76510067114094,0.728528859060403
0.8359,0.791946308724832,0.661987919463087
0.9173,0.758389261744966,0.695670469798658
0.8793,0.758389261744966,0.666851677852349
0.8773,0.76510067114094,0.671222818791946
0.9851,0.76510067114094,0.75370067114094
0.9162,0.76510067114094,0.700985234899329
0.8754,0.738255033557047,0.646268456375839
0.8863,0.751677852348993,0.666212080536913
0.9054,0.758389261744966,0.686645637583893
0.9294,0.74496644295302,0.692371812080537
0.8596,0.758389261744966,0.651911409395973
0.9403,0.76510067114094,0.719424161073826
