0.878,0.926174496644295,0.813181208053691
0.8399,0.926174496644295,0.777893959731544
0.9326,0.89261744966443,0.832455033557047
0.8161,0.879194630872483,0.717510738255034
0.8466,0.899328859060403,0.761371812080537
0.8693,0.899328859060403,0.781786577181208
0.9067,0.885906040268456,0.803251006711409
0.8826,0.879194630872483,0.775977181208054
0.8535,0.879194630872483,0.750392617449664
0.8315,0.912751677852349,0.758953020134228
0.8853,0.89261744966443,0.790234228187919
0.8865,0.912751677852349,0.809154362416107
0.8643,0.899328859060403,0.777289932885906
0.8291,0.899328859060403,0.74563355704698
0.8585,0.89261744966443,0.766312080536913
0.8607,0.926174496644295,0.797158389261745
0.8247,0.912751677852349,0.752746308724832
0.8707,0.87248322147651,0.759671140939597
0.8459,0.899328859060403,0.760742281879195
0.8841,0.912751677852349,0.806963758389262
0.9106,0.899328859060403,0.818928859060403
0.8739,0.899328859060403,0.785923489932886
0.8124,0.919463087248322,0.746971812080537
0.8977,0.906040268456376,0.813352348993289
0.8861,0.899328859060403,0.796895302013423
0.892,0.899328859060403,0.802201342281879
0.9233,0.912751677852349,0.842743624161074
0.8486,0.885906040268456,0.751779865771812
0.8855,0.879194630872483,0.778526845637584
0.8586,0.885906040268456,0.760638926174497
0.7295,0.899328859060403,0.656060402684564
0.8309,0.912751677852349,0.758405369127517
0.8319,0.906040268456376,0.753734899328859
0.8869,0.865771812080537,0.767853020134228
0.8361,0.885906040268456,0.740706040268456
0.9016,0.885906040268456,0.79873288590604
0.8844,0.926174496644295,0.819108724832215
0.885,0.906040268456376,0.801845637583893
0.8726,0.885906040268456,0.773041610738255
0.877,0.899328859060403,0.788711409395973
0.8619,0.919463087248322,0.792485234899329
0.8554,0.906040268456376,0.775026845637584
0.864,0.926174496644295,0.800214765100671
0.876,0.899328859060403,0.787812080536913
0.8588,0.89261744966443,0.766579865771812
0.8629,0.906040268456376,0.781822147651007
0.8693,0.906040268456376,0.787620805369127
0.8718,0.906040268456376,0.789885906040269
0.8437,0.899328859060403,0.758763758389262
0.8724,0.912751677852349,0.796284563758389
0.9077,0.89261744966443,0.810228859060403
0.891,0.879194630872483,0.783362416107383
0.7949,0.912751677852349,0.725546308724832
0.8901,0.89261744966443,0.794518791946309
0.7786,0.885906040268456,0.68976644295302
0.8222,0.912751677852349,0.750464429530201
0.8666,0.89261744966443,0.773542281879195
0.8913,0.912751677852349,0.813535570469799
0.8941,0.87248322147651,0.780087248322148
0.9093,0.879194630872483,0.799451677852349
0.8852,0.879194630872483,0.778263087248322
0.8482,0.932885906040268,0.791273825503356
0.8129,0.879194630872483,0.714697315436241
0.8411,0.879194630872483,0.739490604026846
0.8412,0.906040268456376,0.762161073825503
0.8398,0.885906040268456,0.74398389261745
0.8511,0.906040268456376,0.771130872483221
0.9081,0.919463087248322,0.834964429530201
0.8041,0.89261744966443,0.717753691275168
0.8082,0.912751677852349,0.737685906040269
0.8752,0.899328859060403,0.787092617449664
0.903,0.89261744966443,0.80603355704698
0.8765,0.899328859060403,0.788261744966443
0.8724,0.885906040268456,0.772864429530201
0.838,0.906040268456376,0.759261744966443
0.8593,0.885906040268456,0.761259060402685
0.8386,0.919463087248322,0.771061744966443
0.8304,0.899328859060403,0.746802684563758
0.8495,0.906040268456376,0.769681208053691
0.8322,0.926174496644295,0.770762416107383
0.8466,0.919463087248322,0.77841744966443
0.9233,0.865771812080537,0.79936711409396
0.9061,0.89261744966443,0.80880067114094
0.8445,0.926174496644295,0.782154362416107
0.8887,0.899328859060403,0.79923355704698
0.8778,0.885906040268456,0.777648322147651
0.8991,0.899328859060403,0.808586577181208
0.8088,0.906040268456376,0.732805369127517
0.8545,0.912751677852349,0.779946308724832
0.8718,0.899328859060403,0.784034899328859
0.7974,0.912751677852349,0.727828187919463
0.8432,0.912751677852349,0.769632214765101
0.8428,0.87248322147651,0.735328859060403
0.8115,0.885906040268456,0.718912751677852
0.827,0.912751677852349,0.754845637583893
0.8739,0.906040268456376,0.791788590604027
0.8837,0.899328859060403,0.794736912751678
0.8464,0.906040268456376,0.766872483221477
0.7841,0.912751677852349,0.715688590604027
0.9078,0.859060402684564,0.779855033557047
0.8798,0.899328859060403,0.791229530201342
0.8857,0.912751677852349,0.808424161073826
0.8819,0.89261744966443,0.78719932885906
0.8642,0.919463087248322,0.7946
0.8484,0.885906040268456,0.751602684563758
0.8467,0.906040268456376,0.767144295302013
0.8503,0.919463087248322,0.781819463087248
0.8653,0.906040268456376,0.783996644295302
0.866,0.87248322147651,0.755570469798658
0.8374,0.879194630872483,0.736237583892617
0.9209,0.912751677852349,0.840553020134228
0.8544,0.899328859060403,0.768386577181208
0.8531,0.919463087248322,0.784393959731544
0.8612,0.912751677852349,0.786061744966443
0.8498,0.926174496644295,0.787063087248322
0.8064,0.89261744966443,0.719806711409396
0.8196,0.932885906040268,0.764593288590604
0.9359,0.87248322147651,0.816557046979866
0.8837,0.87248322147651,0.771013422818792
0.8719,0.932885906040268,0.81338322147651
0.8668,0.852348993288591,0.73881610738255
0.8522,0.932885906040268,0.795005369127517
0.899,0.906040268456376,0.814530201342282
0.7678,0.899328859060403,0.690504697986577
0.9184,0.899328859060403,0.825943624161074
0.8163,0.912751677852349,0.745079194630872
0.8517,0.906040268456376,0.771674496644295
0.918,0.899328859060403,0.82558389261745
0.8179,0.89261744966443,0.730071812080537
0.8523,0.912751677852349,0.777938255033557
0.8881,0.919463087248322,0.816575167785235
0.8437,0.939597315436242,0.792738255033557
0.8852,0.906040268456376,0.802026845637584
0.7138,0.906040268456376,0.646731543624161
0.9113,0.906040268456376,0.825674496644295
0.8407,0.89261744966443,0.750423489932886
0.8646,0.912751677852349,0.789165100671141
0.8584,0.899328859060403,0.77198389261745
0.7626,0.885906040268456,0.675591946308725
0.8507,0.912751677852349,0.776477852348993
0.8481,0.906040268456376,0.768412751677852
0.7579,0.946308724832215,0.717207382550336
0.8681,0.899328859060403,0.780707382550336
0.8734,0.899328859060403,0.785473825503356
0.7593,0.89261744966443,0.677764429530201
0.8824,0.89261744966443,0.787645637583893
0.8619,0.912751677852349,0.78670067114094
0.8925,0.89261744966443,0.796661073825503
0.8501,0.919463087248322,0.781635570469799
0.7528,0.959731543624161,0.722485906040268
0.8792,0.87248322147651,0.767087248322148
0.8907,0.879194630872483,0.783098657718121
0.8599,0.885906040268456,0.761790604026846
0.8742,0.89261744966443,0.780326174496644
0.8937,0.89261744966443,0.797732214765101
0.892,0.885906040268456,0.790228187919463
0.8696,0.899328859060403,0.782056375838926
0.9045,0.899328859060403,0.813442953020134
0.7944,0.899328859060403,0.714426845637584
0.9056,0.899328859060403,0.814432214765101
0.8596,0.919463087248322,0.790370469798658
0.8737,0.885906040268456,0.77401610738255
0.8461,0.906040268456376,0.76660067114094
0.9079,0.885906040268456,0.804314093959732
0.8549,0.885906040268456,0.757361073825503
0.7503,0.89261744966443,0.669730872483221
0.7689,0.87248322147651,0.670852348993289
0.8019,0.912751677852349,0.731935570469799
0.8601,0.906040268456376,0.779285234899329
0.8789,0.926174496644295,0.814014765100671
0.8498,0.912751677852349,0.775656375838926
0.8222,0.899328859060403,0.739428187919463
0.8921,0.926174496644295,0.826240268456376
0.8725,0.919463087248322,0.802231543624161
0.8559,0.906040268456376,0.775479865771812
0.8119,0.919463087248322,0.746512080536913
0.9057,0.885906040268456,0.802365100671141
0.8754,0.919463087248322,0.804897986577181
0.7725,0.906040268456376,0.69991610738255
0.8721,0.912751677852349,0.796010738255034
0.9116,0.885906040268456,0.807591946308725
0.8205,0.906040268456376,0.743406040268456
0.7302,0.906040268456376,0.661590604026846
0.835,0.906040268456376,0.756543624161074
0.8471,0.919463087248322,0.778877181208054
0.892,0.87248322147651,0.778255033557047
0.9052,0.899328859060403,0.814072483221477
0.8227,0.899328859060403,0.739877852348993
0.8614,0.906040268456376,0.780463087248322
0.8576,0.906040268456376,0.777020134228188
0.873,0.89261744966443,0.779255033557047
0.8134,0.906040268456376,0.736973154362416
0.8389,0.899328859060403,0.754446979865772
0.7447,0.926174496644295,0.689722147651007
0.9001,0.885906040268456,0.797404026845638
0.8749,0.879194630872483,0.769207382550335
0.9066,0.859060402684564,0.778824161073825
0.8469,0.89261744966443,0.755957718120805
0.8526,0.89261744966443,0.761045637583893
0.8985,0.912751677852349,0.820107382550336
