0.87,0.771812080536913,0.671476510067114
0.8863,0.738255033557047,0.654315436241611
0.8081,0.724832214765101,0.585736912751678
0.6017,0.751677852348993,0.452284563758389
0.841,0.778523489932886,0.654738255033557
0.809,0.778523489932886,0.629825503355705
0.8252,0.791946308724832,0.653514093959732
0.7497,0.76510067114094,0.573595973154362
0.8577,0.738255033557047,0.633201342281879
0.9256,0.758389261744966,0.701965100671141
0.7765,0.758389261744966,0.588889261744966
0.329,0.771812080536913,0.253926174496644
0.9448,0.751677852348993,0.710185234899329
0.85,0.724832214765101,0.616107382550335
0.8793,0.758389261744966,0.666851677852349
0.8959,0.805369127516778,0.721530201342282
0.5998,0.812080536912752,0.487085906040268
0.782,0.738255033557047,0.577315436241611
0.8277,0.751677852348993,0.622163758389262
0.8409,0.785234899328859,0.660304026845638
0.8924,0.758389261744966,0.676786577181208
0.8814,0.805369127516778,0.709852348993289
0.8739,0.791946308724832,0.692081879194631
0.8012,0.771812080536913,0.618375838926175
0.904,0.731543624161074,0.661315436241611
0.765,0.751677852348993,0.57503355704698
0.87,0.76510067114094,0.665637583892617
0.8014,0.76510067114094,0.613151677852349
0.7629,0.758389261744966,0.578575167785235
0.801,0.751677852348993,0.602093959731544
0.8694,0.76510067114094,0.665178523489933
0.9079,0.76510067114094,0.694634899328859
0.7429,0.76510067114094,0.568393288590604
0.8582,0.74496644295302,0.639330201342282
0.9123,0.751677852348993,0.685755704697987
0.6767,0.791946308724832,0.535910067114094
0.8758,0.76510067114094,0.670075167785235
0.8605,0.751677852348993,0.646818791946309
0.9126,0.76510067114094,0.698230872483221
0.7728,0.758389261744966,0.58608322147651
0.898,0.718120805369127,0.644872483221477
0.898,0.771812080536913,0.693087248322148
0.8741,0.76510067114094,0.668774496644295
0.8521,0.76510067114094,0.651942281879195
0.7993,0.738255033557047,0.590087248322148
0.8887,0.758389261744966,0.673980536912752
0.8624,0.771812080536913,0.665610738255034
0.8456,0.731543624161074,0.618593288590604
0.8996,0.76510067114094,0.688284563758389
0.8373,0.758389261744966,0.63499932885906
0.9006,0.751677852348993,0.676961073825503
0.8967,0.76510067114094,0.686065771812081
0.9076,0.778523489932886,0.706587919463087
0.8313,0.738255033557047,0.613711409395973
0.9185,0.76510067114094,0.702744966442953
0.9106,0.74496644295302,0.67836644295302
0.9094,0.74496644295302,0.677472483221477
0.8613,0.798657718120805,0.68788389261745
0.8298,0.738255033557047,0.612604026845638
0.802,0.771812080536913,0.618993288590604
0.7605,0.738255033557047,0.561442953020134
0.7742,0.771812080536913,0.597536912751678
0.8588,0.738255033557047,0.634013422818792
0.8883,0.76510067114094,0.679638926174497
0.6334,0.771812080536913,0.488865771812081
0.8595,0.751677852348993,0.64606711409396
0.7875,0.751677852348993,0.591946308724832
0.688,0.758389261744966,0.521771812080537
0.8624,0.771812080536913,0.665610738255034
0.8533,0.791946308724832,0.675767785234899
0.9107,0.758389261744966,0.690665100671141
0.8596,0.74496644295302,0.640373154362416
0.8984,0.778523489932886,0.699425503355705
0.7936,0.738255033557047,0.585879194630872
0.3929,0.738255033557047,0.290060402684564
0.765,0.724832214765101,0.554496644295302
0.8027,0.738255033557047,0.592597315436242
0.9434,0.74496644295302,0.702801342281879
0.8875,0.731543624161074,0.649244966442953
0.8157,0.751677852348993,0.613143624161074
0.8913,0.785234899328859,0.699879865771812
0.8272,0.704697986577181,0.582926174496644
0.8092,0.758389261744966,0.613688590604027
0.9116,0.76510067114094,0.69746577181208
0.7144,0.724832214765101,0.517820134228188
0.7795,0.76510067114094,0.596395973154362
0.9379,0.758389261744966,0.711293288590604
0.7428,0.751677852348993,0.558346308724832
0.7644,0.771812080536913,0.589973154362416
0.7976,0.771812080536913,0.615597315436242
0.5679,0.76510067114094,0.43450067114094
0.9127,0.778523489932886,0.710558389261745
0.7526,0.771812080536913,0.580865771812081
0.8692,0.771812080536913,0.670859060402685
0.8871,0.778523489932886,0.690628187919463
0.8081,0.758389261744966,0.612854362416107
0.7371,0.738255033557047,0.544167785234899
0.8401,0.76510067114094,0.642761073825503
0.6658,0.74496644295302,0.495998657718121
0.8415,0.758389261744966,0.638184563758389
0.8947,0.785234899328859,0.70254966442953
0.7979,0.738255033557047,0.589053691275168
0.7983,0.758389261744966,0.605422147651007
0.8752,0.731543624161074,0.640246979865772
0.7708,0.771812080536913,0.594912751677852
0.7777,0.751677852348993,0.584579865771812
0.8783,0.76510067114094,0.671987919463087
0.6552,0.76510067114094,0.501293959731544
0.9114,0.731543624161074,0.666728859060403
0.7808,0.771812080536913,0.602630872483222
0.9219,0.76510067114094,0.705346308724832
0.833,0.758389261744966,0.631738255033557
0.7604,0.724832214765101,0.551162416107382
0.8921,0.778523489932886,0.694520805369128
0.7643,0.778523489932886,0.595025503355705
0.9448,0.724832214765101,0.684821476510067
0.8365,0.718120805369127,0.600708053691275
0.8346,0.704697986577181,0.588140939597315
0.7918,0.751677852348993,0.595178523489933
0.9193,0.758389261744966,0.697187248322148
0.9189,0.791946308724832,0.727719463087248
0.8885,0.785234899328859,0.697681208053691
0.8815,0.724832214765101,0.638939597315436
0.8071,0.785234899328859,0.633763087248322
0.9114,0.76510067114094,0.697312751677852
0.9198,0.778523489932886,0.716085906040268
0.91,0.758389261744966,0.690134228187919
0.8907,0.731543624161074,0.651585906040269
0.8556,0.731543624161074,0.625908724832215
0.7882,0.738255033557047,0.581892617449664
0.875,0.724832214765101,0.634228187919463
0.8106,0.76510067114094,0.620190604026846
0.6053,0.738255033557047,0.446865771812081
0.8833,0.751677852348993,0.663957046979866
0.8661,0.731543624161074,0.633589932885906
0.8296,0.76510067114094,0.634727516778523
0.8469,0.76510067114094,0.647963758389262
0.8459,0.771812080536913,0.652875838926175
0.838,0.738255033557047,0.618657718120805
0.9097,0.791946308724832,0.72043355704698
0.9433,0.771812080536913,0.72805033557047
0.8688,0.778523489932886,0.676381208053691
0.9187,0.751677852348993,0.69056644295302
0.9176,0.771812080536913,0.708214765100671
0.8614,0.785234899328859,0.676401342281879
0.9229,0.76510067114094,0.706111409395973
0.7782,0.751677852348993,0.584955704697987
0.8341,0.771812080536913,0.643768456375839
0.8905,0.778523489932886,0.693275167785235
0.7819,0.785234899328859,0.613975167785235
0.8018,0.74496644295302,0.597314093959732
0.8798,0.731543624161074,0.643612080536913
0.8432,0.76510067114094,0.64513288590604
0.766,0.758389261744966,0.580926174496644
0.9474,0.76510067114094,0.724856375838926
0.8119,0.778523489932886,0.63208322147651
0.8182,0.751677852348993,0.615022818791946
0.8866,0.751677852348993,0.666437583892618
0.8676,0.771812080536913,0.669624161073825
0.8365,0.758389261744966,0.634392617449664
0.909,0.738255033557047,0.671073825503356
0.8917,0.711409395973154,0.634363758389262
0.8519,0.785234899328859,0.668941610738255
0.8718,0.74496644295302,0.649461744966443
0.8654,0.771812080536913,0.667926174496644
0.8145,0.718120805369127,0.584909395973154
0.8089,0.74496644295302,0.602603355704698
0.8165,0.771812080536913,0.630184563758389
0.8681,0.738255033557047,0.640879194630873
0.9256,0.74496644295302,0.689540939597315
0.8695,0.791946308724832,0.688597315436242
0.9022,0.758389261744966,0.684218791946309
0.8939,0.76510067114094,0.683923489932886
0.8873,0.758389261744966,0.672918791946309
0.8333,0.771812080536913,0.643151006711409
0.9479,0.738255033557047,0.699791946308725
0.9274,0.751677852348993,0.697106040268456
0.8663,0.738255033557047,0.63955033557047
0.9448,0.758389261744966,0.716526174496644
0.8065,0.76510067114094,0.617053691275168
0.9163,0.738255033557047,0.676463087248322
0.9132,0.74496644295302,0.680303355704698
0.8924,0.738255033557047,0.658818791946309
0.814,0.758389261744966,0.617328859060403
0.9099,0.778523489932886,0.708378523489933
0.9015,0.751677852348993,0.677637583892617
0.8118,0.76510067114094,0.621108724832215
0.927,0.76510067114094,0.709248322147651
0.833,0.791946308724832,0.659691275167785
0.866,0.758389261744966,0.656765100671141
0.8127,0.758389261744966,0.616342953020134
0.928,0.76510067114094,0.710013422818792
0.9026,0.76510067114094,0.690579865771812
0.7835,0.76510067114094,0.599456375838926
0.8009,0.738255033557047,0.591268456375839
0.761,0.751677852348993,0.572026845637584
0.8536,0.758389261744966,0.647361073825503
0.7931,0.74496644295302,0.59083288590604
0.9075,0.758389261744966,0.688238255033557
0.9047,0.76510067114094,0.692186577181208
