0.4
0.42
0.42
0.04
0.31
0.69
0.02
0.73
0.22
0.83
0.89
0.1
0.93
0.93
0.93
0.94
0.94
0.97
1
1
1
1
1
1
1
1
1
1
1
1
1
1
0
1
1
1
0.22
0.24
0.47
0.45
0.02
0.64
0.06
0.7
0.09
0.84
0.85
0.91
0.08
0.06
0.03
0
0.95
0.95
0.98
0.98
0.98
0.98
0.98
0.99
0.99
0.99
1
1
1
1
1
1
1
1
1
1
0.51
0.56
0.58
0.04
0.74
0.77
0.16
0.86
0.93
0.96
0.97
0.97
0.97
0.97
0.98
0.98
0.99
0.99
0.99
0.99
1
1
1
1
1
1
1
1
1
1
1
1
1
1
1
0.18
0.47
0.42
0.67
0.11
0.11
0
0.94
0.96
0
0.98
0.98
0.98
0.99
0.99
0.99
0.99
0.01
0.99
0.99
1
1
1
1
1
1
1
1
1
1
1
1
1
0.07
0.29
0.54
0.13
0.23
0.36
0.71
0.79
0.2
0.93
0.07
0.93
0.97
0.97
0.98
0.98
0.98
0.98
0.99
0.99
0.99
0.99
1
1
1
1
1
1
1
1
1
0
