0.888755774150364
0.921023103604296
0.919869654349008
0.266547312121889
0.949478758787426
0.956669551714132
0.423397667441614
0.927472383535102
0.911451117978391
0.944723298960203
0.90391353553002
0.937651107370162
0.716840784547358
0.966788139936899
0.95831672966054
0.95141838708249
0.922828654734558
0.943981630023224
0.946965972126777
0.932826845710383
0.481887009297487
0.961534735652519
0.932680420781986
0.955633845432687
0.941499899312568
0.92190312427707
0.958529531173272
0.957160511665542
0.95372862772547
0.946138839053337
0.968578893946253
0.961429704109398
0.695418158533318
0.95692953717619
0.961713278491181
0.965138382406468
0.949804979817118
0.935124143936617
0.930981574154972
0.940880534120425
0.815434324151785
0.936486719338785
0.832883727857121
0.935446996418268
0.792948852476856
0.965982331706489
0.935322741104922
0.950194828745227
0.803431106814261
0.89153498882884
0.87010756773462
0.818408145007376
0.966507367133788
0.949059609851335
0.982555330338702
0.907494885431672
0.948946080551725
0.655320066781735
0.968266823754973
0.950363386244253
0.958101802243943
0.96333104770303
0.970741478458413
0.972336708292166
0.920117522787215
0.956316078487012
0.803981355368085
0.947914305798786
0.965753114168077
0.968069495122761
0.951114619984438
0.973920894241177
0.950244321548931
0.905215650657119
0.774325347089516
0.968005728178617
0.91905542374848
0.959007643180927
0.966577672822851
0.892522942263877
0.804930007567069
0.901946414814453
0.79776340968698
0.954150892728068
0.909088634327855
0.960601342248408
0.948483079332928
0.60383292067075
0.963280558304467
0.976782551655631
0.964353557745508
0.545846018631077
0.924622310486128
0.964416600926608
0.95639053741222
0.971712844421838
0.946786855026985
0.936491346283608
0.896905074916499
0.969877125382934
0.970350935485769
0.942908513012355
0.960162653454319
0.955777063220744
0.908862244376375
0.965553187062781
0.944756097181361
0.910442699898934
0.942560888501913
0.753921366384733
0.942468636524806
0.862364457670748
0.944033274188348
0.930733168312293
0.934653640496018
0.955010573271402
0.52153811359751
0.946665279513367
0.933056765780344
0.950794548524832
0.937540436342214
0.970199795485052
0.924733874480673
0.938895557249421
0.936568116075329
0.949914637218559
0.950870940384551
0.949790277300842
0.932672930265324
0.95913228693583
0.959830984091613
0.980717838917806
0.916187640716347
0.971857860446709
0.951243789547464
0.958212441897093
0.947991395589988
0.938695433409022
0.958556316869655
0.962964913396503
0.346160040620337
0.469057696057585
0.916182509480206
0.822564330082505
0.841886730407402
0.941119455427908
0.950111648887808
0.955457309852187
0.921477719764946
0.959346406489907
0.956171645036386
0.903858446491876
0.970043560651392
0.938568738023132
0.877066739193834
0.486348105871833
0.949144688083336
0.93174908872793
0.954555069095446
0.948495232470886
0.941491940662835
0.945551842670037
0.950789031567653
0.919356758827437
0.966232691283252
0.909310513015932
0.95559724576311
0.964972659057798
0.966803009755227
0.930594424386771
0.943302983797341
0.465774587384857
